Reading image... 
Reading coords...
Bruteforce...
3 71 220 0
4 83 204 11
4 117 156 45
4 124 246 13
4 142 222 56
5 4 246 177
5 64 240 56
5 162 244 8
6 48 166 30
7 42 252 23
7 123 204 37
7 139 212 37
8 101 190 51
8 113 220 71
9 34 244 7
9 41 220 4
9 82 240 49
9 131 210 8
9 169 240 22
10 93 238 15
10 101 248 53
11 23 2 11
11 23 258 11
11 27 232 19
11 68 246 64
14 65 220 39
14 125 146 39
14 176 236 0
15 27 156 136
15 42 10 19
15 42 266 19
15 96 216 28
15 111 236 43
15 156 216 0
16 64 218 7
18 78 14 0
18 78 270 0
19 64 236 22
19 108 178 37
19 123 6 13
19 123 262 13
20 38 162 4
20 42 146 0
20 86 252 8
21 83 4 19
21 83 260 19
21 86 228 15
24 42 250 4
24 57 178 53
24 71 14 23
24 71 270 23
24 79 200 37
24 127 18 34
24 127 274 34
24 146 230 15
24 171 200 15
25 42 190 34
25 154 182 11
26 64 194 11
26 67 218 11
27 20 22 166
27 20 278 166
29 41 26 21
29 41 282 21
29 70 20 28
29 70 276 28
29 78 8 0
29 78 264 0
30 8 226 140
30 117 250 49
30 142 226 56
30 172 26 26
30 172 282 26
31 4 180 192
31 8 236 4
31 11 224 6
31 21 252 2
32 78 8 11
32 78 264 11
33 37 20 32
33 37 276 32
34 18 234 173
34 68 244 15
34 87 174 36
34 124 18 0
34 124 274 0
35 72 18 0
35 72 274 0
36 49 2 45
36 49 258 45
38 154 244 45
39 139 184 30
39 173 24 2
39 173 280 2
40 83 10 41
40 83 266 41
40 87 16 21
40 87 272 21
40 168 166 0
40 169 242 11
41 19 37 25
41 19 293 25
41 72 28 68
41 72 284 68
41 98 206 94
41 102 142 68
42 78 188 0
42 154 254 41
43 34 8 11
43 34 264 11
43 67 250 45
43 157 176 0
44 34 250 28
44 53 202 41
44 56 236 30
44 66 216 9
44 78 216 26
44 131 24 53
44 131 280 53
44 132 226 53
45 22 162 11
45 42 6 151
45 42 262 151
45 82 20 41
45 82 276 41
47 39 174 13
47 84 4 77
47 84 260 77
47 109 36 67
47 109 292 67
49 11 40 6
49 11 296 6
49 79 222 45
49 116 40 49
49 116 296 49
49 161 242 30
50 22 24 34
50 22 280 34
50 113 186 34
50 117 36 30
50 117 292 30
50 127 36 4
50 127 292 4
51 12 246 181
51 42 26 34
51 42 282 34
51 117 236 15
51 131 182 68
51 169 16 30
51 169 272 30
52 169 28 0
52 169 284 0
53 82 200 64
53 161 230 34
54 117 252 45
54 138 170 37
54 162 24 0
54 162 280 0
54 171 44 0
54 171 300 0
55 83 20 19
55 83 276 19
55 109 24 30
55 109 280 30
55 131 164 23
55 177 220 4
56 93 42 67
56 93 298 67
57 68 42 45
57 68 298 45
58 64 2 0
58 64 258 0
59 19 252 166
59 37 244 4
59 41 16 30
59 41 272 30
59 63 240 30
59 112 208 41
59 117 228 8
59 123 0 41
59 123 256 41
60 64 16 7
60 64 272 7
60 87 236 15
60 101 220 4
60 117 56 4
60 117 312 4
61 34 30 22
61 34 286 22
61 79 236 67
63 3 208 196
64 131 240 45
65 22 242 19
65 23 148 19
65 169 18 0
65 169 274 0
67 96 32 62
67 96 288 62
67 191 188 0
70 18 36 151
70 18 292 151
70 79 18 26
70 79 274 26
70 117 10 8
70 117 266 8
70 177 178 15
71 12 252 4
71 27 16 8
71 27 272 8
71 36 182 24
71 86 158 23
72 56 154 0
74 72 196 34
74 82 226 15
74 126 230 39
74 169 160 15
75 19 40 177
75 19 296 177
75 34 4 11
75 34 260 11
75 41 48 0
75 41 304 0
75 109 54 75
75 109 310 75
75 127 24 4
75 127 280 4
76 146 12 45
76 146 268 45
77 66 30 28
77 66 286 28
77 78 24 37
77 78 280 37
78 146 2 8
78 146 258 8
79 33 26 22
79 33 282 22
79 42 8 2
79 42 264 2
79 78 30 11
79 78 286 11
80 8 58 4
80 8 314 4
80 67 136 11
80 68 30 34
80 68 286 34
80 127 6 26
80 127 262 26
80 131 212 8
80 138 26 56
80 138 282 56
81 27 22 0
81 27 278 0
81 139 22 30
81 139 278 30
81 143 186 43
83 41 226 8
83 82 242 43
83 187 160 4
84 117 54 68
84 117 310 68
85 8 180 177
85 24 52 13
85 24 308 13
85 87 54 53
85 87 310 53
85 111 8 32
85 111 264 32
85 177 196 4
88 93 44 71
88 93 300 71
89 34 58 9
89 161 194 38
90 49 232 11
90 158 158 2
91 23 246 4
91 27 26 0
91 27 282 0
91 34 50 7
91 34 306 7
92 64 4 24
92 64 260 24
92 93 204 41
93 123 24 60
93 123 280 60
94 38 200 32
94 78 208 75
94 101 64 30
94 124 202 41
95 36 230 24
95 108 18 22
95 108 274 22
95 177 220 4
97 35 36 43
97 35 292 43
97 84 64 43
98 52 44 30
98 52 300 30
99 37 4 32
99 37 260 32
99 63 180 0
99 71 16 34
99 71 272 34
100 42 176 30
100 48 80 26
100 64 186 22
100 79 166 45
100 101 20 38
100 101 276 38
101 87 40 4
101 87 296 4
101 139 170 60
103 26 160 8
103 63 82 22
104 49 210 15
104 71 250 8
104 113 94 47
105 35 78 11
105 80 58 45
106 15 18 0
106 15 274 0
106 86 210 83
106 162 78 32
107 6 192 168
107 63 12 0
107 63 268 0
107 102 186 94
107 109 102 15
107 117 234 53
108 138 236 37
109 7 62 183
109 109 48 37
110 15 226 2
110 49 30 11
110 49 286 11
110 64 38 52
110 71 182 45
112 79 158 0
113 5 86 183
113 41 60 4
113 63 246 22
113 86 18 49
113 86 274 49
114 87 176 75
114 146 26 17
114 146 282 17
115 117 26 75
115 117 282 75
116 55 168 13
117 6 92 153
117 64 232 60
117 158 60 19
118 56 2 0
118 56 258 0
119 64 174 54
119 102 28 38
120 48 78 30
120 82 40 0
120 86 110 30
120 154 230 37
121 72 46 45
123 26 8 23
123 26 264 23
123 169 174 30
124 38 24 0
124 56 64 4
124 93 0 67
124 93 256 67
125 64 214 45
125 169 216 7
127 71 6 8
127 71 262 8
128 117 214 53
129 72 252 8
130 17 224 0
130 78 96 0
130 171 16 9
131 79 212 37
131 94 94 15
131 162 110 23
132 109 118 43
132 123 184 67
133 7 180 177
133 34 68 26
134 109 80 0
135 72 206 51
135 183 248 0
136 101 230 23
137 4 92 162
137 12 224 8
137 161 230 30
137 191 74 8
138 101 214 38
139 153 152 0
140 4 8 0
140 8 112 185
140 117 196 6
141 23 60 4
141 169 42 15
142 79 238 30
143 18 104 147
143 39 38 32
143 161 4 34
144 3 250 188
144 49 88 45
144 71 10 49
144 79 44 7
144 95 12 32
146 109 72 41
147 38 248 26
147 109 206 7
147 173 208 15
148 117 230 0
149 35 60 11
149 67 182 49
149 108 36 30
149 116 40 30
150 42 186 144
150 56 6 38
150 117 196 4
151 4 220 188
151 96 64 62
151 139 182 0
153 7 196 0
153 112 20 86
154 68 202 60
154 72 196 19
154 79 74 75
155 36 216 2
155 131 228 0
157 64 16 0
157 81 46 69
157 123 62 52
158 4 24 181
159 3 226 0
159 123 200 13
160 17 40 2
160 57 10 19
160 138 0 45
160 142 82 4
161 4 22 143
161 139 166 30
163 86 86 45
163 161 146 0
164 34 94 158
164 162 174 2
165 177 30 15
166 64 90 15
168 55 38 17
168 72 10 4
169 41 6 4
169 158 58 41
170 72 66 15
174 38 200 34
174 49 200 0
174 72 14 8
174 113 206 47
175 94 216 30
175 127 206 41
175 183 16 0
176 5 162 179
176 79 106 15
176 138 38 54
176 146 202 49
178 79 24 75
180 18 2 13
180 154 36 0
181 12 6 0
181 33 22 158
181 34 100 143
182 78 214 15
184 57 110 49
184 72 192 68
184 87 0 38
185 11 188 4
185 81 4 54
187 11 38 0
187 63 64 41
187 78 6 37
188 53 30 41
189 33 16 11
189 41 10 15
189 64 26 45
190 18 36 15
190 56 74 8
190 63 96 15
190 113 196 34
190 117 90 0
190 138 208 15
191 98 206 56
193 41 190 4
193 109 68 22
195 72 176 6
196 123 186 73
198 64 92 60
198 123 200 56
199 26 190 159
201 42 90 8
201 143 54 4
202 64 8 56
203 82 44 75
204 4 100 181
204 38 40 0
205 87 186 45
205 158 10 15
206 79 142 7
207 25 68 13
209 4 92 181
209 11 10 8
209 18 66 7
209 37 70 30
209 117 24 8
210 82 6 15
213 37 40 30
213 161 4 8
214 162 74 0
215 111 10 9
215 156 68 9
216 18 76 0
217 4 4 0
217 110 78 47
218 18 54 7
219 64 74 26
220 79 54 75
220 172 12 26
222 93 36 0
223 131 74 47
224 53 12 4
224 97 4 71
224 109 44 22
224 113 156 4
225 102 110 83
225 147 76 0
227 7 40 192
227 68 90 34
228 87 88 75
228 127 88 34
228 144 82 21
229 78 42 75
230 87 6 79
230 109 4 22
234 176 10 0
235 33 162 162
235 117 4 19
238 18 2 151
238 72 24 4
238 79 74 37
238 131 144 45
239 127 0 4
240 72 0 15
240 101 30 15
240 123 30 30
241 162 0 15
243 41 94 144
244 18 24 0
244 52 40 34
244 117 46 45
244 123 26 30
244 140 20 13
245 102 66 8
248 87 18 34
250 53 10 15
250 87 56 23
251 4 32 0
251 117 20 15
254 83 44 45
260 138 60 0
261 94 40 82
261 117 80 32
261 143 70 4
262 21 80 2
267 64 22 52
267 72 12 8
268 162 64 8
269 64 84 60
269 117 14 8
269 161 42 6
270 21 24 4
270 63 46 37
270 71 26 15
271 162 30 4
273 11 84 0
273 109 74 7
274 63 80 7
274 66 94 24
274 117 96 30
279 153 10 22
280 49 92 145
280 109 52 30
280 113 4 49
281 34 20 143
281 94 10 30
284 79 64 45
286 13 56 0
287 109 36 15
289 7 80 0
289 109 68 22
290 117 0 4
292 26 68 151
294 12 58 4
294 22 74 140
295 158 84 4
296 71 0 15
299 159 74 2
304 66 10 9
305 4 74 181
305 11 90 4
305 38 10 34
306 12 54 8
310 56 0 32
310 113 46 4
311 162 46 4
314 72 34 15
316 68 0 34
318 34 12 30
318 78 52 7
319 161 16 0
320 26 6 8
320 86 42 23
323 4 10 0
324 53 26 0
324 72 20 8
324 81 0 39
330 68 52 64
331 42 10 8
331 117 12 15
334 83 52 79
336 113 12 45
340 4 48 181
340 138 24 52
347 131 24 0
350 82 6 60
351 41 42 38
351 98 16 4
351 111 6 13
354 67 26 41
354 82 38 4
359 109 18 0
360 86 38 23
363 37 24 0
363 109 4 9
364 146 24 19
366 80 16 17
368 84 18 58
374 146 0 8
