Reading image... 
Reading coords...
Bruteforce...
START X = 0
START X = 1
START X = 2
START X = 3
START X = 4
START X = 5
542 (333, 12) 5 79 -4 -79
START X = 6
START X = 7
247 (333, 12) 7 42 -4 23
START X = 8
START X = 9
429 (123, 183) 9 116 2 -15
START X = 10
730 (134, 158) 10 70 6 -17
60 (80, 176) 10 86 -10 -82
934 (80, 176) 10 101 -8 53
START X = 11
860 (333, 12) 11 23 2 11
295 (333, 12) 11 64 -8 -8
986 (333, 12) 11 68 -10 64
15 (333, 12) 11 102 2 -75
START X = 12
START X = 13
468 (123, 183) 13 26 10 -15
18 (123, 183) 13 155 -8 -28
START X = 14
126 (134, 158) 14 126 8 -6
793 (134, 158) 14 132 -6 -22
START X = 15
859 (333, 12) 15 42 10 19
653 (123, 183) 15 108 2 -8
START X = 16
247 (80, 176) 16 78 8 -15
START X = 17
30 (123, 183) 17 127 14 -56
START X = 18
58 (80, 176) 18 78 14 0
START X = 19
646 (123, 183) 19 123 6 13
START X = 20
565 (80, 176) 20 86 -4 8
792 (134, 158) 20 87 0 -37
238 (134, 158) 20 158 6 -13
START X = 21
829 (123, 183) 21 33 18 -4
993 (333, 12) 21 72 16 -41
898 (333, 12) 21 83 4 19
310 (333, 12) 21 87 16 -58
START X = 22
554 (80, 176) 22 48 -2 -8
START X = 23
START X = 24
252 (134, 158) 24 38 0 -15
251 (134, 158) 24 42 -6 4
571 (80, 176) 24 71 14 23
171 (80, 176) 24 127 18 34
START X = 25
280 (123, 183) 25 86 -24 -22
START X = 26
START X = 27
START X = 28
253 (134, 158) 28 53 -12 -26
173 (80, 176) 28 86 -22 -60
628 (134, 158) 28 87 -28 -82
START X = 29
417 (123, 183) 29 41 26 21
942 (333, 12) 29 70 20 28
475 (123, 183) 29 78 8 0
START X = 30
643 (134, 158) 30 117 -6 49
666 (80, 176) 30 142 -30 56
685 (80, 176) 30 172 26 26
START X = 31
262 (333, 12) 31 8 -20 4
535 (333, 12) 31 21 -4 2
23 (333, 12) 31 139 0 -15
START X = 32
566 (80, 176) 32 78 8 11
START X = 33
405 (123, 183) 33 37 20 32
185 (123, 183) 33 67 -6 -64
11 (123, 183) 33 82 18 -71
911 (333, 12) 33 94 22 -60
190 (123, 183) 33 131 -8 -30
START X = 34
769 (134, 158) 34 68 -12 15
119 (134, 158) 34 124 18 0
825 (80, 176) 34 168 -14 -8
START X = 35
992 (333, 12) 35 72 18 0
START X = 36
591 (134, 158) 36 49 2 45
START X = 37
START X = 38
691 (80, 176) 38 78 -32 -45
943 (80, 176) 38 123 -36 -4
784 (134, 158) 38 154 -12 45
START X = 39
297 (333, 12) 39 34 -6 -34
31 (333, 12) 39 173 24 2
START X = 40
246 (134, 158) 40 83 10 41
254 (134, 158) 40 87 16 21
181 (80, 176) 40 97 0 -43
35 (134, 158) 40 169 -14 11
START X = 41
463 (123, 183) 41 11 28 -11
1188 (333, 12) 41 19 37 25
245 (333, 12) 41 68 -10 -41
896 (333, 12) 41 72 28 68
START X = 42
197 (80, 176) 42 123 -2 -4
645 (134, 158) 42 154 -2 41
START X = 43
1009 (333, 12) 43 34 8 11
110 (123, 183) 43 67 -6 45
882 (123, 183) 43 112 -34 -13
START X = 44
864 (134, 158) 44 34 -6 28
195 (80, 176) 44 56 -20 30
905 (134, 158) 44 66 -40 9
937 (80, 176) 44 78 -40 26
246 (80, 176) 44 131 24 53
62 (134, 158) 44 132 -30 53
START X = 45
570 (333, 12) 45 79 28 -15
416 (123, 183) 45 82 20 41
1175 (333, 12) 45 102 -20 -45
START X = 46
START X = 47
102 (123, 183) 47 84 4 77
246 (333, 12) 47 109 36 67
START X = 48
START X = 49
451 (123, 183) 49 11 40 6
1039 (333, 12) 49 79 -34 45
283 (123, 183) 49 116 40 49
682 (123, 183) 49 161 -14 30
START X = 50
836 (80, 176) 50 18 -10 -8
964 (80, 176) 50 22 24 34
764 (134, 158) 50 42 16 -30
770 (134, 158) 50 57 18 -22
787 (134, 158) 50 117 36 30
198 (80, 176) 50 127 36 4
176 (80, 176) 50 138 -30 -8
915 (80, 176) 50 142 -44 -30
START X = 51
261 (333, 12) 51 42 26 34
1005 (333, 12) 51 64 4 -53
298 (333, 12) 51 68 -50 -15
1006 (333, 12) 51 117 -20 15
933 (333, 12) 51 169 16 30
START X = 52
803 (134, 158) 52 169 28 0
START X = 53
435 (123, 183) 53 86 -40 -28
723 (123, 183) 53 161 -26 34
START X = 54
132 (80, 176) 54 52 42 -11
891 (134, 158) 54 117 -4 45
32 (134, 158) 54 132 14 -45
40 (134, 158) 54 162 24 0
635 (134, 158) 54 171 44 0
START X = 55
991 (333, 12) 55 83 20 19
1049 (333, 12) 55 109 24 30
237 (333, 12) 55 177 -36 4
START X = 56
670 (80, 176) 56 93 42 67
START X = 57
984 (333, 12) 57 68 42 45
926 (333, 12) 57 154 -8 -17
START X = 58
892 (134, 158) 58 64 2 0
303 (80, 176) 58 69 -46 -24
684 (80, 176) 58 93 34 -79
START X = 59
389 (123, 183) 59 37 -12 4
446 (123, 183) 59 41 16 30
811 (123, 183) 59 63 -16 30
773 (123, 183) 59 112 -48 41
218 (123, 183) 59 116 -4 -39
754 (333, 12) 59 117 -28 8
34 (123, 183) 59 123 0 41
START X = 60
191 (80, 176) 60 48 8 -8
893 (134, 158) 60 64 16 7
736 (134, 158) 60 72 6 -15
669 (80, 176) 60 78 0 -15
821 (80, 176) 60 82 -54 -49
69 (134, 158) 60 83 50 -71
741 (134, 158) 60 87 -20 15
926 (80, 176) 60 101 -36 4
862 (134, 158) 60 117 56 4
START X = 61
876 (333, 12) 61 34 30 22
268 (333, 12) 61 79 -20 67
START X = 62
START X = 63
871 (333, 12) 63 19 8 -15
851 (123, 183) 63 71 -10 -45
224 (123, 183) 63 153 -20 -38
START X = 64
477 (134, 158) 64 38 -46 -19
797 (134, 158) 64 113 20 -56
698 (80, 176) 64 131 -16 45
START X = 65
688 (123, 183) 65 22 -14 19
932 (333, 12) 65 169 18 0
START X = 66
START X = 67
1008 (333, 12) 67 96 32 62
START X = 68
START X = 69
START X = 70
999 (134, 158) 70 79 18 26
180 (80, 176) 70 93 34 -4
890 (134, 158) 70 117 10 8
START X = 71
50 (333, 12) 71 8 56 -4
56 (333, 12) 71 12 -4 4
870 (333, 12) 71 27 16 8
1178 (333, 12) 71 139 -4 -4
START X = 72
START X = 73
START X = 74
929 (134, 158) 74 38 70 -15
917 (134, 158) 74 51 40 -28
746 (134, 158) 74 72 -60 34
68 (134, 158) 74 81 20 -2
235 (80, 176) 74 82 -30 15
273 (134, 158) 74 126 -26 39
START X = 75
1040 (333, 12) 75 34 4 11
414 (123, 183) 75 41 48 0
768 (333, 12) 75 81 -48 -13
970 (333, 12) 75 98 -66 -60
856 (333, 12) 75 109 54 75
724 (123, 183) 75 127 24 4
START X = 76
255 (80, 176) 76 48 -28 -15
177 (80, 176) 76 146 12 45
START X = 77
269 (333, 12) 77 8 -64 -4
260 (333, 12) 77 66 30 28
441 (123, 183) 77 78 24 37
883 (123, 183) 77 129 -60 -24
START X = 78
819 (80, 176) 78 146 2 8
START X = 79
812 (123, 183) 79 33 26 22
95 (333, 12) 79 42 8 2
109 (123, 183) 79 78 30 11
881 (123, 183) 79 86 30 -26
858 (123, 183) 79 108 38 -8
1053 (333, 12) 79 109 -66 -45
208 (123, 183) 79 187 -68 -4
START X = 80
447 (134, 158) 80 8 58 4
763 (134, 158) 80 68 30 34
951 (80, 176) 80 93 36 -75
944 (80, 176) 80 127 6 26
311 (80, 176) 80 131 -44 8
820 (80, 176) 80 138 26 56
START X = 81
1047 (333, 12) 81 27 22 0
753 (333, 12) 81 139 22 30
1179 (333, 12) 81 143 -70 43
START X = 82
925 (134, 158) 82 117 -24 -37
START X = 83
385 (123, 183) 83 41 -30 8
907 (123, 183) 83 82 -14 43
START X = 84
262 (134, 158) 84 53 -44 -32
847 (80, 176) 84 67 -10 -13
623 (134, 158) 84 117 54 68
151 (80, 176) 84 146 -36 -22
START X = 85
459 (123, 183) 85 24 52 13
703 (123, 183) 85 67 -60 -49
982 (333, 12) 85 68 -24 -49
340 (333, 12) 85 87 54 53
761 (333, 12) 85 111 8 32
548 (333, 12) 85 177 -60 4
START X = 86
START X = 87
START X = 88
963 (80, 176) 88 93 44 71
237 (134, 158) 88 130 74 -28
START X = 89
528 (333, 12) 89 34 58 9
135 (123, 183) 89 131 -20 -52
792 (123, 183) 89 161 -62 38
START X = 90
110 (134, 158) 90 36 -48 -32
907 (134, 158) 90 49 -24 11
817 (80, 176) 90 71 -64 -71
808 (80, 176) 90 78 -20 -8
163 (80, 176) 90 125 26 -51
START X = 91
562 (333, 12) 91 23 -10 4
865 (333, 12) 91 27 26 0
1187 (333, 12) 91 34 50 7
288 (333, 12) 91 42 -26 -30
START X = 92
102 (134, 158) 92 64 4 24
894 (80, 176) 92 93 -52 41
START X = 93
844 (123, 183) 93 123 24 60
START X = 94
626 (134, 158) 94 4 -40 -4
571 (134, 158) 94 38 -56 32
579 (134, 158) 94 68 -60 -19
853 (80, 176) 94 78 -48 75
289 (80, 176) 94 101 64 30
783 (134, 158) 94 109 56 -53
308 (134, 158) 94 124 -54 41
START X = 95
278 (333, 12) 95 36 -26 24
656 (123, 183) 95 82 -60 -41
299 (333, 12) 95 83 -26 -79
1141 (333, 12) 95 98 8 -56
440 (123, 183) 95 108 18 22
29 (333, 12) 95 143 82 -26
768 (123, 183) 95 155 64 -6
223 (333, 12) 95 177 -36 4
START X = 96
START X = 97
908 (123, 183) 97 35 36 43
655 (123, 183) 97 63 -2 -19
400 (123, 183) 97 84 64 43
START X = 98
221 (80, 176) 98 52 44 30
START X = 99
199 (123, 183) 99 37 4 32
775 (123, 183) 99 63 -76 0
380 (123, 183) 99 71 16 34
START X = 100
651 (134, 158) 100 42 -80 30
563 (80, 176) 100 48 80 26
312 (134, 158) 100 64 -70 22
233 (80, 176) 100 69 -14 -13
275 (134, 158) 100 79 -90 45
927 (80, 176) 100 101 20 38
START X = 101
990 (333, 12) 101 87 40 4
357 (333, 12) 101 139 -86 60
START X = 102
START X = 103
36 (123, 183) 103 26 -96 8
826 (123, 183) 103 63 82 22
871 (123, 183) 103 108 -74 -17
START X = 104
478 (134, 158) 104 49 -46 15
256 (80, 176) 104 71 -6 8
723 (134, 158) 104 113 94 47
634 (80, 176) 104 138 -80 -8
START X = 105
105 (123, 183) 105 35 78 11
337 (333, 12) 105 42 14 -37
706 (123, 183) 105 80 58 45
START X = 106
99 (270, 17) 106 15 18 0
209 (80, 176) 106 78 -84 -45
809 (80, 176) 106 86 -46 83
838 (134, 158) 106 162 78 32
START X = 107
774 (123, 183) 107 63 12 0
1011 (333, 12) 107 94 -82 -23
594 (333, 12) 107 102 -70 94
13 (333, 12) 107 109 102 15
771 (333, 12) 107 117 -22 53
234 (333, 12) 107 139 46 -30
START X = 108
683 (80, 176) 108 78 50 -23
549 (80, 176) 108 138 -20 37
50 (134, 158) 108 154 20 -21
START X = 109
996 (333, 12) 109 102 64 -54
983 (333, 12) 109 109 48 37
START X = 110
13 (270, 17) 110 15 -30 2
928 (134, 158) 110 49 30 11
939 (134, 158) 110 64 38 52
257 (80, 176) 110 71 -74 45
308 (80, 176) 110 93 30 -30
820 (134, 158) 110 109 -74 -4
991 (134, 158) 110 124 40 -38
START X = 111
START X = 112
358 (134, 158) 112 79 -98 0
START X = 113
388 (123, 183) 113 41 60 4
742 (123, 183) 113 63 -10 22
198 (123, 183) 113 86 18 49
333 (123, 183) 113 116 -6 -15
488 (123, 183) 113 161 24 -30
START X = 114
846 (134, 158) 114 42 -36 -37
647 (134, 158) 114 87 -80 75
155 (80, 176) 114 146 26 17
START X = 115
593 (333, 12) 115 81 4 -21
769 (333, 12) 115 94 -50 -60
527 (333, 12) 115 117 26 75
START X = 116
756 (134, 158) 116 55 -88 13
152 (80, 176) 116 168 -2 -8
START X = 117
1169 (333, 12) 117 64 -24 60
300 (333, 12) 117 158 60 19
START X = 118
856 (80, 176) 118 56 2 0
153 (80, 176) 118 168 -32 -4
START X = 119
62 (333, 12) 119 64 -82 54
974 (333, 12) 119 102 28 38
335 (123, 183) 119 123 -20 -38
225 (333, 12) 119 169 72 -8
START X = 120
92 (270, 17) 120 13 14 -6
878 (134, 158) 120 34 -6 -30
923 (80, 176) 120 48 78 30
857 (80, 176) 120 56 -76 -37
234 (80, 176) 120 82 40 0
56 (80, 176) 120 86 110 30
633 (80, 176) 120 95 8 -43
824 (80, 176) 120 123 80 -53
169 (80, 176) 120 142 40 -30
510 (134, 158) 120 154 -26 37
START X = 121
289 (333, 12) 121 72 46 45
START X = 122
START X = 123
712 (123, 183) 123 26 8 23
670 (123, 183) 123 78 -100 -45
397 (123, 183) 123 112 -76 -77
1114 (333, 12) 123 169 -82 30
START X = 124
30 (134, 158) 124 4 100 -4
570 (134, 158) 124 38 24 0
101 (134, 158) 124 49 40 -15
131 (80, 176) 124 56 64 4
885 (134, 158) 124 66 60 -51
318 (80, 176) 124 93 0 67
START X = 125
773 (333, 12) 125 64 -42 45
125 (123, 183) 125 71 -8 -60
889 (333, 12) 125 169 -40 7
224 (333, 12) 125 173 6 -4
START X = 126
START X = 127
736 (123, 183) 127 71 6 8
START X = 128
550 (80, 176) 128 93 -56 -30
909 (134, 158) 128 117 -42 53
953 (80, 176) 128 131 -42 -9
START X = 129
772 (333, 12) 129 72 -4 8
118 (333, 12) 129 83 -42 -28
227 (333, 12) 129 139 24 -2
START X = 130
30 (270, 17) 130 17 -32 0
321 (80, 176) 130 18 -40 -8
877 (134, 158) 130 34 10 -8
207 (80, 176) 130 78 96 0
898 (80, 176) 130 138 76 -2
503 (134, 158) 130 171 16 9
START X = 131
748 (333, 12) 131 79 -44 37
848 (333, 12) 131 94 94 15
556 (333, 12) 131 162 110 23
486 (333, 12) 131 169 -10 -4
START X = 132
972 (134, 158) 132 109 118 43
312 (80, 176) 132 123 -72 67
START X = 133
116 (123, 183) 133 11 -30 -9
49 (333, 12) 133 34 68 26
667 (123, 183) 133 71 10 -15
602 (123, 183) 133 127 -56 -30
220 (333, 12) 133 139 32 -30
START X = 134
751 (134, 158) 134 42 -20 -7
861 (134, 158) 134 109 80 0
495 (134, 158) 134 113 6 -62
START X = 135
700 (333, 12) 135 72 -50 51
971 (333, 12) 135 158 94 -11
180 (123, 183) 135 183 -8 0
START X = 136
29 (270, 17) 136 13 0 -4
652 (80, 176) 136 84 -10 -9
522 (80, 176) 136 93 -18 -75
905 (80, 176) 136 101 -26 23
START X = 137
270 (333, 12) 137 12 -32 8
884 (123, 183) 137 161 -26 30
643 (123, 183) 137 191 74 8
START X = 138
283 (80, 176) 138 101 -42 38
START X = 139
522 (333, 12) 139 109 24 -4
130 (123, 183) 139 131 46 -52
639 (123, 183) 139 153 -104 0
START X = 140
28 (134, 158) 140 4 8 0
843 (80, 176) 140 22 36 -4
198 (134, 158) 140 42 52 -22
951 (134, 158) 140 117 -60 6
START X = 141
1045 (333, 12) 141 23 60 4
840 (333, 12) 141 169 42 15
START X = 142
233 (134, 158) 142 79 -18 30
START X = 143
100 (123, 183) 143 39 38 32
1149 (333, 12) 143 109 -12 -38
601 (123, 183) 143 161 4 34
START X = 144
753 (134, 158) 144 38 26 -17
465 (134, 158) 144 49 88 45
842 (80, 176) 144 71 10 49
309 (134, 158) 144 79 44 7
847 (134, 158) 144 87 34 -82
659 (80, 176) 144 95 12 32
889 (80, 176) 144 125 -10 -2
START X = 145
957 (333, 12) 145 42 -20 -30
START X = 146
812 (80, 176) 146 67 62 -4
762 (134, 158) 146 109 72 41
START X = 147
514 (333, 12) 147 38 -8 26
620 (333, 12) 147 109 -50 7
149 (123, 183) 147 116 -46 -7
1056 (333, 12) 147 173 -48 15
209 (123, 183) 147 183 106 -8
START X = 148
19 (270, 17) 148 13 -4 0
595 (134, 158) 148 117 -26 0
START X = 149
183 (123, 183) 149 35 60 11
866 (123, 183) 149 63 40 -45
273 (123, 183) 149 67 -74 49
841 (123, 183) 149 80 56 -51
195 (123, 183) 149 108 36 30
704 (123, 183) 149 116 40 30
START X = 150
26 (270, 17) 150 15 14 -6
616 (80, 176) 150 56 6 38
511 (134, 158) 150 117 -60 4
START X = 151
1016 (333, 12) 151 87 -40 -15
1186 (333, 12) 151 96 64 62
893 (333, 12) 151 139 -74 0
1028 (333, 12) 151 147 -14 -26
1055 (333, 12) 151 162 0 -15
START X = 152
START X = 153
498 (123, 183) 153 7 -60 0
493 (123, 183) 153 112 20 86
232 (123, 183) 153 153 -50 -30
START X = 154
266 (80, 176) 154 26 -26 -26
355 (134, 158) 154 68 -54 60
836 (134, 158) 154 72 -60 19
907 (80, 176) 154 78 24 -64
581 (134, 158) 154 79 74 75
608 (80, 176) 154 101 -26 -45
START X = 155
332 (333, 12) 155 36 -40 2
1087 (333, 12) 155 96 -30 -2
261 (123, 183) 155 131 -28 0
START X = 156
START X = 157
693 (333, 12) 157 64 16 0
350 (333, 12) 157 81 46 69
379 (123, 183) 157 123 62 52
START X = 158
111 (80, 176) 158 168 8 -8
START X = 159
314 (123, 183) 159 3 -30 0
173 (123, 183) 159 108 -104 -53
657 (123, 183) 159 123 -56 13
START X = 160
86 (270, 17) 160 17 40 2
752 (134, 158) 160 57 10 19
494 (134, 158) 160 109 20 -4
602 (80, 176) 160 123 0 -23
605 (80, 176) 160 138 0 45
818 (80, 176) 160 142 82 4
START X = 161
1156 (333, 12) 161 139 -90 30
START X = 162
START X = 163
278 (123, 183) 163 86 86 45
889 (123, 183) 163 127 110 -64
620 (123, 183) 163 161 -110 0
START X = 164
581 (80, 176) 164 78 -34 -23
84 (134, 158) 164 162 -82 2
START X = 165
123 (123, 183) 165 18 -22 -15
355 (333, 12) 165 102 70 -45
1033 (333, 12) 165 177 30 15
START X = 166
31 (270, 17) 166 21 -4 6
910 (134, 158) 166 64 90 15
START X = 167
START X = 168
569 (134, 158) 168 55 38 17
354 (134, 158) 168 72 10 4
961 (80, 176) 168 144 52 -32
START X = 169
839 (123, 183) 169 41 6 4
126 (333, 12) 169 115 -22 -56
770 (333, 12) 169 158 58 41
START X = 170
37 (270, 17) 170 13 -36 -2
316 (134, 158) 170 38 -104 -19
927 (134, 158) 170 72 66 15
START X = 171
890 (333, 12) 171 154 -40 -4
START X = 172
START X = 173
790 (123, 183) 173 80 88 -75
START X = 174
543 (134, 158) 174 38 -56 34
100 (134, 158) 174 42 46 -11
190 (134, 158) 174 49 -56 0
267 (80, 176) 174 52 0 -26
834 (134, 158) 174 72 14 8
795 (80, 176) 174 101 84 -69
600 (134, 158) 174 113 -50 47
START X = 175
797 (123, 183) 175 22 -28 11
382 (333, 12) 175 94 -40 30
339 (123, 183) 175 127 -50 41
888 (333, 12) 175 173 50 -4
230 (123, 183) 175 183 16 0
START X = 176
284 (80, 176) 176 63 82 -34
862 (80, 176) 176 71 -108 -15
967 (134, 158) 176 79 106 15
304 (134, 158) 176 87 76 -45
649 (80, 176) 176 138 38 54
609 (80, 176) 176 146 -54 49
START X = 177
365 (333, 12) 177 23 -68 -11
872 (123, 183) 177 129 -24 -32
START X = 178
300 (80, 176) 178 63 122 -6
565 (134, 158) 178 79 24 75
917 (80, 176) 178 123 -18 -47
730 (80, 176) 178 138 -14 52
START X = 179
1121 (333, 12) 179 38 -8 4
828 (333, 12) 179 102 -8 38
302 (123, 183) 179 116 -88 -15
START X = 180
762 (80, 176) 180 18 2 13
299 (80, 176) 180 56 2 -15
302 (134, 158) 180 72 -44 -45
828 (134, 158) 180 154 36 0
START X = 181
595 (333, 12) 181 12 6 0
684 (333, 12) 181 81 -106 -36
498 (333, 12) 181 109 -24 0
380 (333, 12) 181 139 50 -19
START X = 182
269 (80, 176) 182 78 -42 15
213 (80, 176) 182 123 -2 52
START X = 183
354 (123, 183) 183 78 -10 41
267 (123, 183) 183 123 0 -38
603 (123, 183) 183 157 -30 0
START X = 184
70 (270, 17) 184 19 -26 2
282 (134, 158) 184 42 -52 -22
626 (80, 176) 184 56 64 -43
446 (134, 158) 184 57 110 49
373 (134, 158) 184 72 -64 68
734 (80, 176) 184 86 -70 -60
229 (134, 158) 184 87 0 38
543 (80, 176) 184 95 -36 9
391 (80, 176) 184 127 -30 71
START X = 185
66 (123, 183) 185 11 -68 4
706 (333, 12) 185 19 -36 15
1128 (333, 12) 185 36 20 -32
364 (333, 12) 185 81 4 54
1021 (333, 12) 185 102 -30 -52
837 (333, 12) 185 147 44 -30
START X = 186
320 (134, 158) 186 160 -44 -2
START X = 187
589 (123, 183) 187 11 38 0
124 (123, 183) 187 41 58 -30
807 (123, 183) 187 63 64 41
257 (123, 183) 187 78 6 37
START X = 188
230 (134, 158) 188 53 30 41
START X = 189
153 (123, 183) 189 33 16 11
796 (123, 183) 189 41 10 15
601 (333, 12) 189 64 26 45
1012 (333, 12) 189 109 -16 75
378 (123, 183) 189 112 32 -19
613 (123, 183) 189 116 20 -37
START X = 190
260 (80, 176) 190 18 36 15
922 (80, 176) 190 56 74 8
220 (80, 176) 190 63 96 15
821 (134, 158) 190 113 -60 34
781 (134, 158) 190 117 90 0
210 (80, 176) 190 131 -16 -39
637 (80, 176) 190 138 -48 15
START X = 191
171 (123, 183) 191 63 38 -53
106 (333, 12) 191 72 -10 53
1088 (333, 12) 191 98 -50 56
1113 (333, 12) 191 154 76 -15
START X = 192
START X = 193
805 (123, 183) 193 11 -30 8
359 (123, 183) 193 41 -66 4
746 (333, 12) 193 109 68 22
398 (123, 183) 193 189 16 -2
START X = 194
203 (134, 158) 194 154 -36 41
START X = 195
113 (333, 12) 195 27 -14 6
161 (123, 183) 195 65 -24 28
716 (333, 12) 195 72 -80 6
1130 (333, 12) 195 173 -6 19
START X = 196
598 (80, 176) 196 101 10 -69
872 (80, 176) 196 123 -70 73
108 (80, 176) 196 131 -50 -45
START X = 197
633 (123, 183) 197 69 -24 -54
608 (333, 12) 197 94 -64 -8
START X = 198
530 (134, 158) 198 64 92 60
582 (80, 176) 198 93 -26 7
959 (134, 158) 198 115 24 -41
524 (80, 176) 198 123 -56 56
START X = 199
485 (333, 12) 199 94 68 -83
752 (123, 183) 199 108 -34 22
START X = 200
858 (80, 176) 200 93 -10 -53
START X = 201
69 (333, 12) 201 6 -40 2
334 (333, 12) 201 42 90 8
621 (333, 12) 201 102 -100 -7
402 (333, 12) 201 139 -16 30
892 (333, 12) 201 143 54 4
875 (123, 183) 201 153 18 -38
START X = 202
196 (134, 158) 202 64 8 56
START X = 203
246 (123, 183) 203 7 -76 -4
497 (123, 183) 203 82 44 75
329 (123, 183) 203 86 82 -30
1080 (333, 12) 203 87 46 -7
START X = 204
315 (134, 158) 204 38 40 0
353 (134, 158) 204 49 36 -15
281 (80, 176) 204 52 -16 -30
533 (80, 176) 204 78 -32 -19
397 (80, 176) 204 101 -6 -37
512 (134, 158) 204 113 -26 -4
729 (80, 176) 204 131 26 -15
START X = 205
468 (333, 12) 205 87 -70 45
609 (123, 183) 205 153 46 -34
891 (333, 12) 205 158 10 15
40 (123, 183) 205 161 -14 -30
START X = 206
44 (270, 17) 206 19 -50 6
359 (134, 158) 206 79 -114 7
START X = 207
116 (333, 12) 207 21 76 -2
93 (333, 12) 207 25 68 13
730 (123, 183) 207 39 -6 -2
START X = 208
297 (134, 158) 208 79 -36 26
48 (80, 176) 208 138 10 -36
START X = 209
802 (123, 183) 209 11 10 8
317 (123, 183) 209 18 66 7
323 (123, 183) 209 37 70 30
745 (333, 12) 209 117 24 8
START X = 210
162 (134, 158) 210 4 36 -4
317 (80, 176) 210 56 78 -37
861 (80, 176) 210 67 30 -4
440 (80, 176) 210 71 -38 19
535 (80, 176) 210 78 -4 -15
860 (80, 176) 210 82 6 15
855 (134, 158) 210 87 -24 30
827 (134, 158) 210 109 36 -53
START X = 211
1014 (333, 12) 211 42 64 -39
1064 (333, 12) 211 64 -30 26
412 (333, 12) 211 94 -56 56
213 (333, 12) 211 162 -14 19
START X = 212
START X = 213
162 (123, 183) 213 37 40 30
499 (333, 12) 213 109 -32 -4
634 (123, 183) 213 123 -26 -38
608 (123, 183) 213 161 4 8
44 (123, 183) 213 183 60 -8
START X = 214
715 (134, 158) 214 42 -26 0
721 (134, 158) 214 57 -6 0
222 (134, 158) 214 72 24 -7
282 (80, 176) 214 82 76 -11
548 (80, 176) 214 86 106 -60
482 (134, 158) 214 162 74 0
START X = 215
483 (333, 12) 215 87 -50 -22
409 (333, 12) 215 111 10 9
1027 (333, 12) 215 156 68 9
START X = 216
71 (270, 17) 216 17 6 -4
26 (80, 176) 216 18 76 0
76 (270, 17) 216 21 -4 0
START X = 217
707 (333, 12) 217 4 4 0
650 (333, 12) 217 12 -10 8
1098 (333, 12) 217 34 -16 0
660 (123, 183) 217 110 78 47
START X = 218
399 (80, 176) 218 18 54 7
891 (80, 176) 218 52 -16 34
39 (80, 176) 218 101 4 -75
START X = 219
759 (123, 183) 219 11 76 -9
735 (123, 183) 219 41 92 -22
952 (333, 12) 219 64 74 26
START X = 220
81 (270, 17) 220 17 60 -4
392 (80, 176) 220 48 -18 22
610 (134, 158) 220 79 54 75
47 (80, 176) 220 172 12 26
START X = 221
241 (123, 183) 221 78 6 -36
584 (333, 12) 221 83 40 -30
START X = 222
536 (80, 176) 222 93 36 0
START X = 223
57 (123, 183) 223 11 -70 8
638 (123, 183) 223 127 88 -26
671 (123, 183) 223 131 74 47
START X = 224
347 (134, 158) 224 53 12 4
275 (80, 176) 224 71 -70 45
610 (80, 176) 224 97 4 71
303 (134, 158) 224 109 44 22
204 (134, 158) 224 113 -100 4
324 (134, 158) 224 154 -10 41
START X = 225
657 (333, 12) 225 6 -50 -6
1104 (333, 12) 225 34 -16 -30
1070 (333, 12) 225 72 -10 -9
648 (333, 12) 225 87 -32 -7
375 (333, 12) 225 98 50 -41
1164 (333, 12) 225 102 110 83
894 (333, 12) 225 147 76 0
START X = 226
607 (134, 158) 226 64 12 -23
148 (134, 158) 226 79 -74 75
START X = 227
488 (333, 12) 227 68 90 34
338 (123, 183) 227 78 48 -49
179 (123, 183) 227 159 88 -24
START X = 228
25 (134, 158) 228 87 88 75
521 (80, 176) 228 127 88 34
882 (80, 176) 228 144 82 21
START X = 229
588 (123, 183) 229 78 42 75
340 (123, 183) 229 86 -14 -45
START X = 230
515 (134, 158) 230 8 -68 0
193 (134, 158) 230 57 -24 -7
589 (80, 176) 230 78 -30 56
514 (134, 158) 230 87 6 79
74 (80, 176) 230 93 -86 43
513 (134, 158) 230 109 4 22
372 (80, 176) 230 123 -52 60
START X = 231
593 (123, 183) 231 33 -12 -4
214 (333, 12) 231 143 50 -34
START X = 232
START X = 233
250 (123, 183) 233 26 -50 15
757 (123, 183) 233 82 -76 71
START X = 234
56 (270, 17) 234 13 -30 0
299 (134, 158) 234 38 -36 -19
720 (134, 158) 234 42 20 -7
168 (134, 158) 234 79 -76 -6
648 (80, 176) 234 97 54 -41
106 (80, 176) 234 176 10 0
START X = 235
1065 (333, 12) 235 38 10 -30
1109 (333, 12) 235 64 -20 -53
1076 (333, 12) 235 79 40 -8
374 (333, 12) 235 117 4 19
399 (333, 12) 235 143 34 -4
636 (123, 183) 235 155 56 -36
669 (333, 12) 235 158 -50 4
START X = 236
697 (134, 158) 236 53 -34 11
513 (80, 176) 236 131 -10 -7
START X = 237
START X = 238
55 (270, 17) 238 13 4 -8
217 (134, 158) 238 72 24 4
460 (134, 158) 238 79 74 37
638 (80, 176) 238 131 -112 45
START X = 239
46 (123, 183) 239 127 0 4
49 (123, 183) 239 131 -70 -30
START X = 240
63 (270, 17) 240 17 -6 4
283 (134, 158) 240 64 -74 -47
790 (80, 176) 240 71 66 -26
696 (134, 158) 240 72 0 15
534 (80, 176) 240 101 30 15
325 (134, 158) 240 113 -96 60
394 (80, 176) 240 123 30 30
START X = 241
1091 (333, 12) 241 34 26 -2
199 (333, 12) 241 139 -4 -8
196 (333, 12) 241 162 0 15
START X = 242
892 (80, 176) 242 18 78 -4
START X = 243
642 (123, 183) 243 161 106 -22
START X = 244
440 (134, 158) 244 4 10 -4
25 (80, 176) 244 18 24 0
441 (80, 176) 244 52 40 34
429 (134, 158) 244 72 -26 -15
529 (134, 158) 244 117 46 45
38 (80, 176) 244 123 26 30
520 (80, 176) 244 140 20 13
110 (80, 176) 244 168 86 -8
START X = 245
798 (333, 12) 245 87 -68 23
827 (333, 12) 245 102 66 8
204 (333, 12) 245 143 -14 41
START X = 246
66 (270, 17) 246 21 -20 0
746 (80, 176) 246 78 -12 -64
822 (134, 158) 246 79 -74 37
START X = 247
337 (123, 183) 247 80 20 -6
START X = 248
374 (134, 158) 248 12 -6 4
346 (134, 158) 248 87 18 34
START X = 249
531 (123, 183) 249 82 32 -49
343 (123, 183) 249 123 -20 -34
START X = 250
51 (270, 17) 250 21 -30 0
366 (80, 176) 250 48 -34 22
185 (134, 158) 250 49 -10 45
298 (134, 158) 250 53 10 15
195 (134, 158) 250 87 56 23
START X = 251
818 (333, 12) 251 4 32 0
464 (333, 12) 251 66 38 -21
500 (333, 12) 251 113 6 -49
1159 (333, 12) 251 117 20 15
610 (333, 12) 251 147 50 -30
503 (333, 12) 251 154 -54 -4
START X = 252
START X = 253
71 (123, 183) 253 11 -80 0
START X = 254
778 (80, 176) 254 26 -46 4
438 (134, 158) 254 34 -56 22
314 (134, 158) 254 83 44 45
785 (80, 176) 254 86 -64 23
747 (80, 176) 254 142 -100 2
674 (134, 158) 254 154 -16 -4
START X = 255
360 (123, 183) 255 37 -60 34
START X = 256
532 (80, 176) 256 67 52 -19
START X = 257
609 (333, 12) 257 102 10 -41
START X = 258
522 (134, 158) 258 64 8 -45
START X = 259
388 (333, 12) 259 72 -62 34
586 (123, 183) 259 86 -54 -71
205 (333, 12) 259 94 -36 -68
START X = 260
686 (134, 158) 260 87 -4 49
92 (80, 176) 260 123 -14 -15
736 (80, 176) 260 138 60 0
START X = 261
649 (333, 12) 261 94 40 82
1110 (333, 12) 261 109 76 -53
677 (333, 12) 261 117 80 32
830 (333, 12) 261 143 70 4
START X = 262
67 (270, 17) 262 21 80 2
194 (134, 158) 262 64 16 -23
START X = 263
791 (333, 12) 263 64 12 -15
569 (123, 183) 263 78 -88 45
344 (123, 183) 263 157 -10 30
START X = 264
342 (80, 176) 264 18 -56 0
57 (270, 17) 264 21 -12 0
691 (134, 158) 264 42 -44 38
431 (134, 158) 264 79 -86 71
766 (80, 176) 264 82 -32 19
START X = 265
420 (333, 12) 265 38 -60 -4
628 (123, 183) 265 131 66 -54
START X = 266
START X = 267
661 (333, 12) 267 12 -4 8
811 (333, 12) 267 64 22 52
790 (333, 12) 267 72 12 8
303 (123, 183) 267 123 -42 -6
START X = 268
361 (80, 176) 268 71 -36 -52
339 (134, 158) 268 109 -46 41
677 (134, 158) 268 162 64 8
START X = 269
545 (123, 183) 269 41 -4 0
508 (333, 12) 269 64 84 60
788 (333, 12) 269 100 -6 66
676 (333, 12) 269 117 14 8
39 (123, 183) 269 123 60 -38
178 (123, 183) 269 161 42 6
START X = 270
62 (270, 17) 270 21 24 4
301 (134, 158) 270 49 94 -19
405 (80, 176) 270 63 46 37
364 (80, 176) 270 71 26 15
498 (80, 176) 270 78 -30 7
START X = 271
668 (333, 12) 271 162 30 4
START X = 272
START X = 273
65 (123, 183) 273 11 84 0
548 (123, 183) 273 33 -110 0
484 (333, 12) 273 109 74 7
349 (123, 183) 273 131 -36 6
START X = 274
483 (80, 176) 274 48 -52 -2
345 (134, 158) 274 49 26 -30
373 (80, 176) 274 63 80 7
95 (134, 158) 274 66 94 24
564 (134, 158) 274 117 96 30
START X = 275
247 (123, 183) 275 7 -22 4
START X = 276
START X = 277
723 (333, 12) 277 64 -40 0
START X = 278
495 (80, 176) 278 71 8 -15
START X = 279
789 (333, 12) 279 38 8 -34
627 (123, 183) 279 153 10 22
START X = 280
24 (134, 158) 280 109 52 30
88 (134, 158) 280 113 4 49
START X = 281
810 (333, 12) 281 94 10 30
START X = 282
454 (80, 176) 282 131 -58 0
94 (80, 176) 282 138 -82 -4
START X = 283
START X = 284
158 (134, 158) 284 42 -4 -26
449 (80, 176) 284 56 -6 -30
159 (134, 158) 284 68 -20 -45
712 (134, 158) 284 79 64 45
18 (134, 158) 284 113 -46 56
459 (80, 176) 284 138 -10 0
START X = 285
START X = 286
54 (270, 17) 286 13 56 0
450 (80, 176) 286 82 12 -49
START X = 287
820 (333, 12) 287 109 36 15
START X = 288
655 (134, 158) 288 55 -26 51
START X = 289
245 (123, 183) 289 7 80 0
478 (333, 12) 289 109 68 22
START X = 290
410 (134, 158) 290 64 -36 -15
17 (134, 158) 290 117 0 4
START X = 291
807 (333, 12) 291 64 16 -38
83 (333, 12) 291 94 -14 52
135 (333, 12) 291 98 -90 -4
685 (333, 12) 291 117 60 -30
START X = 292
START X = 293
START X = 294
150 (134, 158) 294 12 58 4
336 (134, 158) 294 42 -36 -11
719 (80, 176) 294 82 -16 19
711 (80, 176) 294 131 38 -43
START X = 295
186 (333, 12) 295 36 -40 -6
450 (333, 12) 295 94 -36 -60
624 (333, 12) 295 117 -40 51
555 (123, 183) 295 127 -14 -30
210 (333, 12) 295 158 84 4
START X = 296
499 (80, 176) 296 71 0 15
START X = 297
248 (123, 183) 297 11 64 -7
506 (123, 183) 297 125 -26 -32
START X = 298
START X = 299
376 (123, 183) 299 159 74 2
START X = 300
280 (80, 176) 300 26 90 -26
392 (134, 158) 300 49 -44 -23
717 (80, 176) 300 78 -30 11
563 (134, 158) 300 79 26 -30
553 (134, 158) 300 83 -36 0
START X = 301
START X = 302
461 (80, 176) 302 138 -64 54
START X = 303
565 (123, 183) 303 153 -66 26
556 (123, 183) 303 157 -80 34
START X = 304
695 (134, 158) 304 49 68 -23
391 (134, 158) 304 66 10 9
722 (80, 176) 304 71 94 -52
START X = 305
758 (123, 183) 305 11 90 4
88 (333, 12) 305 38 10 34
804 (333, 12) 305 64 20 -8
153 (333, 12) 305 117 -46 2
START X = 306
439 (134, 158) 306 12 54 8
START X = 307
START X = 308
692 (134, 158) 308 12 -50 8
START X = 309
50 (123, 183) 309 153 -16 -4
START X = 310
518 (134, 158) 310 4 -40 0
476 (80, 176) 310 20 -16 -6
469 (80, 176) 310 56 0 32
418 (80, 176) 310 80 -50 9
175 (134, 158) 310 81 -8 2
160 (134, 158) 310 113 46 4
START X = 311
386 (333, 12) 311 162 46 4
START X = 312
362 (80, 176) 312 123 -6 37
START X = 313
529 (123, 183) 313 37 76 -4
START X = 314
359 (80, 176) 314 22 -16 4
344 (80, 176) 314 26 -26 8
358 (80, 176) 314 63 -6 41
344 (134, 158) 314 72 34 15
289 (134, 158) 314 109 -36 -4
START X = 315
730 (333, 12) 315 66 -44 -51
START X = 316
360 (134, 158) 316 68 0 34
START X = 317
390 (333, 12) 317 102 -52 -7
START X = 318
517 (134, 158) 318 34 12 30
363 (80, 176) 318 78 52 7
176 (134, 158) 318 87 -26 34
START X = 319
738 (333, 12) 319 94 44 -60
163 (333, 12) 319 109 -12 15
564 (123, 183) 319 161 16 0
START X = 320
343 (80, 176) 320 26 6 8
494 (80, 176) 320 86 42 23
START X = 321
429 (333, 12) 321 42 -20 4
441 (333, 12) 321 94 -30 -8
START X = 322
699 (134, 158) 322 79 -4 75
START X = 323
643 (333, 12) 323 4 10 0
73 (333, 12) 323 109 22 -53
505 (123, 183) 323 127 26 -2
511 (123, 183) 323 161 -24 38
START X = 324
706 (134, 158) 324 6 -38 2
337 (134, 158) 324 53 26 0
718 (80, 176) 324 67 24 -15
385 (134, 158) 324 72 20 8
417 (134, 158) 324 81 0 39
426 (80, 176) 324 86 -2 -41
210 (134, 158) 324 111 -10 24
434 (80, 176) 324 127 16 -4
490 (80, 176) 324 146 -16 0
START X = 325
425 (333, 12) 325 38 -2 0
477 (333, 12) 325 72 36 -45
166 (333, 12) 325 102 -30 68
439 (333, 12) 325 117 -46 8
START X = 326
START X = 327
START X = 328
START X = 329
517 (123, 183) 329 131 -16 8
51 (123, 183) 329 161 -50 30
START X = 330
485 (80, 176) 330 56 -8 -30
506 (80, 176) 330 63 -24 -23
13 (134, 158) 330 68 52 64
START X = 331
426 (333, 12) 331 42 10 8
737 (333, 12) 331 117 12 15
START X = 332
START X = 333
START X = 334
380 (134, 158) 334 57 4 -15
560 (134, 158) 334 64 34 -23
215 (134, 158) 334 83 52 79
START X = 335
430 (333, 12) 335 38 -10 -4
630 (333, 12) 335 64 -50 -53
736 (333, 12) 335 109 8 -4
START X = 336
12 (134, 158) 336 113 12 45
START X = 337
START X = 338
486 (80, 176) 338 78 6 -68
START X = 339
434 (333, 12) 339 94 14 -19
START X = 340
83 (80, 176) 340 56 -28 -24
326 (134, 158) 340 57 -10 0
356 (80, 176) 340 65 -16 -17
554 (134, 158) 340 87 -2 23
457 (80, 176) 340 123 48 -15
493 (80, 176) 340 138 24 52
START X = 341
START X = 342
START X = 343
162 (333, 12) 343 94 24 -23
START X = 344
348 (80, 176) 344 67 6 -2
290 (134, 158) 344 113 -6 -4
START X = 345
369 (123, 183) 345 131 46 -24
START X = 346
START X = 347
512 (123, 183) 347 131 24 0
START X = 348
START X = 349
518 (123, 183) 349 123 -18 -2
START X = 350
395 (134, 158) 350 64 -18 54
641 (80, 176) 350 78 10 -64
772 (80, 176) 350 82 6 60
START X = 351
572 (123, 183) 351 41 42 38
161 (333, 12) 351 98 16 4
160 (333, 12) 351 111 6 13
START X = 352
START X = 353
START X = 354
19 (80, 176) 354 67 26 41
511 (80, 176) 354 82 38 4
START X = 355
59 (123, 183) 355 33 0 -8
172 (333, 12) 355 36 -10 -6
START X = 356
419 (80, 176) 356 67 26 -11
START X = 357
START X = 358
START X = 359
731 (333, 12) 359 109 18 0
START X = 360
357 (80, 176) 360 86 38 23
START X = 361
145 (333, 12) 361 96 -6 -21
START X = 362
START X = 363
540 (123, 183) 363 37 24 0
137 (333, 12) 363 109 4 9
START X = 364
99 (80, 176) 364 146 24 19
START X = 365
634 (333, 12) 365 98 -10 -13
START X = 366
86 (80, 176) 366 80 16 17
START X = 367
519 (123, 183) 367 129 14 -2
START X = 368
464 (80, 176) 368 84 18 58
START X = 369
START X = 370
START X = 371
START X = 372
START X = 373
START X = 374
502 (80, 176) 374 146 0 8
START X = 375
START X = 376
START X = 377
79 (123, 183) 377 35 2 -2
136 (333, 12) 377 98 22 -11
START X = 378
START X = 379
80 (123, 183) 379 37 -14 -4
START X = 380
START X = 381
START X = 382
START X = 383
START X = 384
START X = 385
START X = 386
START X = 387
START X = 388
START X = 389
START X = 390
START X = 391
START X = 392
START X = 393
START X = 394
START X = 395
START X = 396
START X = 397
START X = 398
START X = 399
