Reading image... 
Reading coords...
Bruteforce...
START X = 0
START X = 1
START X = 2
START X = 3
3 71 220 0
3 86 200 -45
START X = 4
4 63 246 -38
4 83 204 11
4 117 156 45
4 124 246 13
4 142 222 56
4 162 186 -9
START X = 5
5 4 246 177
5 18 236 -2
5 64 240 56
5 79 -4 -79
5 79 252 -79
5 123 194 -60
5 154 170 -23
5 162 244 8
5 169 226 -4
START X = 6
6 48 166 30
6 56 244 -30
START X = 7
7 42 -4 23
7 42 252 23
7 123 204 37
7 139 212 37
START X = 8
8 56 190 -11
8 101 190 51
8 113 220 71
START X = 9
9 4 214 -4
9 34 244 7
9 41 220 4
9 82 240 49
9 116 2 -15
9 116 258 -15
9 131 210 8
9 155 234 -28
9 169 240 22
START X = 10
10 70 6 -17
10 70 262 -17
10 86 -10 -82
10 86 246 -82
10 93 238 15
10 101 -8 53
10 101 248 53
START X = 11
11 23 2 11
11 23 258 11
11 27 232 19
11 64 -8 -8
11 64 248 -8
11 68 -10 64
11 68 246 64
11 102 2 -75
11 102 258 -75
11 113 218 -64
START X = 12
START X = 13
13 26 10 -15
13 26 266 -15
13 155 -8 -28
13 155 248 -28
START X = 14
14 65 220 39
14 83 220 -45
14 97 240 -34
14 125 146 39
14 126 8 -6
14 126 264 -6
14 132 -6 -22
14 132 250 -22
14 176 236 0
START X = 15
15 27 156 136
15 42 10 19
15 42 266 19
15 96 216 28
15 108 2 -8
15 108 258 -8
15 111 236 43
15 156 216 0
START X = 16
16 64 218 7
16 78 8 -15
16 78 264 -15
16 109 158 -60
START X = 17
17 127 14 -56
17 127 270 -56
START X = 18
18 56 224 -30
18 78 14 0
18 78 270 0
START X = 19
19 64 236 22
19 108 178 37
19 123 6 13
19 123 262 13
START X = 20
20 38 162 4
20 42 146 0
20 86 -4 8
20 86 252 8
20 87 0 -37
20 87 256 -37
20 158 6 -13
20 158 262 -13
START X = 21
21 33 18 -4
21 33 274 -4
21 64 228 -45
21 72 16 -41
21 72 272 -41
21 83 4 19
21 83 260 19
21 86 228 15
21 87 16 -58
21 87 272 -58
START X = 22
22 48 -2 -8
22 48 254 -8
START X = 23
23 71 196 -15
START X = 24
24 38 0 -15
24 38 256 -15
24 42 -6 4
24 42 250 4
24 57 178 53
24 71 14 23
24 71 270 23
24 79 200 37
24 117 172 -45
24 127 18 34
24 127 274 34
24 131 190 -7
24 146 230 15
24 154 194 -17
24 171 200 15
START X = 25
25 42 190 34
25 86 -24 -22
25 86 232 -22
25 87 202 -30
25 154 182 11
START X = 26
26 64 194 11
26 67 218 11
26 126 216 -47
26 130 192 -24
START X = 27
27 20 22 166
27 20 278 166
27 86 224 -67
START X = 28
28 53 -12 -26
28 53 244 -26
28 86 -22 -60
28 86 234 -60
28 87 -28 -82
28 87 228 -82
START X = 29
29 41 26 21
29 41 282 21
29 70 20 28
29 70 276 28
29 78 8 0
29 78 264 0
START X = 30
30 8 -30 140
30 8 226 140
30 117 -6 49
30 117 250 49
30 142 -30 56
30 142 226 56
30 154 222 -23
30 172 26 26
30 172 282 26
START X = 31
31 4 180 192
31 8 -20 4
31 8 236 4
31 11 224 6
31 21 -4 2
31 21 252 2
31 139 0 -15
31 139 256 -15
START X = 32
32 78 8 11
32 78 264 11
START X = 33
33 37 20 32
33 37 276 32
33 67 -6 -64
33 67 250 -64
33 82 18 -71
33 82 274 -71
33 94 22 -60
33 94 278 -60
33 116 192 -67
33 127 190 -34
33 131 -8 -30
33 131 248 -30
33 191 -20 -181
33 191 236 -181
START X = 34
34 18 -22 173
34 18 234 173
34 68 -12 15
34 68 244 15
34 87 174 36
34 124 18 0
34 124 274 0
34 168 -14 -8
34 168 242 -8
START X = 35
35 72 18 0
35 72 274 0
35 81 208 -28
35 177 172 -173
START X = 36
36 49 2 45
36 49 258 45
START X = 37
START X = 38
38 78 -32 -45
38 78 224 -45
38 123 -36 -4
38 123 220 -4
38 154 -12 45
38 154 244 45
START X = 39
39 34 -6 -34
39 34 250 -34
39 139 184 30
39 173 24 2
39 173 280 2
START X = 40
40 83 10 41
40 83 266 41
40 87 16 21
40 87 272 21
40 97 0 -43
40 97 256 -43
40 168 166 0
40 169 -14 11
40 169 242 11
START X = 41
41 11 28 -11
41 11 284 -11
41 19 37 25
41 19 293 25
41 68 -10 -41
41 68 246 -41
41 72 28 68
41 72 284 68
41 98 206 94
41 102 142 68
START X = 42
42 78 188 0
42 123 -2 -4
42 123 254 -4
42 154 -2 41
42 154 254 41
START X = 43
43 34 8 11
43 34 264 11
43 67 -6 45
43 67 250 45
43 112 -34 -13
43 112 222 -13
43 157 176 0
START X = 44
44 34 -6 28
44 34 250 28
44 53 202 41
44 56 -20 30
44 56 236 30
44 66 -40 9
44 66 216 9
44 78 -40 26
44 78 216 26
44 131 24 53
44 131 280 53
44 132 -30 53
44 132 226 53
START X = 45
45 22 162 11
45 42 6 151
45 42 262 151
45 79 28 -15
45 79 284 -15
45 82 20 41
45 82 276 41
45 102 -20 -45
45 102 236 -45
START X = 46
START X = 47
47 39 174 13
47 84 4 77
47 84 260 77
47 98 198 -73
47 109 36 67
47 109 292 67
START X = 48
48 168 32 -151
48 168 288 -151
START X = 49
49 11 40 6
49 11 296 6
49 79 -34 45
49 79 222 45
49 116 40 49
49 116 296 49
49 117 190 -45
49 161 -14 30
49 161 242 30
START X = 50
50 18 -10 -8
50 18 246 -8
50 22 24 34
50 22 280 34
50 42 16 -30
50 42 272 -30
50 57 18 -22
50 57 274 -22
50 63 198 -23
50 113 186 34
50 117 36 30
50 117 292 30
50 127 36 4
50 127 292 4
50 138 -30 -8
50 138 226 -8
50 142 -44 -30
50 142 212 -30
START X = 51
51 12 -10 181
51 12 246 181
51 42 26 34
51 42 282 34
51 64 4 -53
51 64 260 -53
51 68 -50 -15
51 68 206 -15
51 117 -20 15
51 117 236 15
51 131 182 68
51 169 16 30
51 169 272 30
START X = 52
52 169 28 0
52 169 284 0
START X = 53
53 82 200 64
53 86 -40 -28
53 86 216 -28
53 161 -26 34
53 161 230 34
START X = 54
54 52 42 -11
54 52 298 -11
54 117 -4 45
54 117 252 45
54 132 14 -45
54 132 270 -45
54 138 170 37
54 162 24 0
54 162 280 0
54 171 44 0
54 171 300 0
START X = 55
55 83 20 19
55 83 276 19
55 109 24 30
55 109 280 30
55 131 164 23
55 177 -36 4
55 177 220 4
START X = 56
56 93 42 67
56 93 298 67
START X = 57
57 68 42 45
57 68 298 45
57 154 -8 -17
57 154 248 -17
START X = 58
58 64 2 0
58 64 258 0
58 69 -46 -24
58 69 210 -24
58 93 34 -79
58 93 290 -79
START X = 59
59 19 -4 166
59 19 252 166
59 37 -12 4
59 37 244 4
59 41 16 30
59 41 272 30
59 63 -16 30
59 63 240 30
59 112 -48 41
59 112 208 41
59 116 -4 -39
59 116 252 -39
59 117 -28 8
59 117 228 8
59 123 0 41
59 123 256 41
59 183 56 -155
59 183 312 -155
START X = 60
60 48 8 -8
60 48 264 -8
60 64 16 7
60 64 272 7
60 72 6 -15
60 72 262 -15
60 78 0 -15
60 78 256 -15
60 82 -54 -49
60 82 202 -49
60 83 50 -71
60 83 306 -71
60 87 -20 15
60 87 236 15
60 101 -36 4
60 101 220 4
60 117 56 4
60 117 312 4
START X = 61
61 34 30 22
61 34 286 22
61 79 -20 67
61 79 236 67
START X = 62
START X = 63
63 3 -48 196
63 3 208 196
63 19 8 -15
63 19 264 -15
63 71 -10 -45
63 71 246 -45
63 153 -20 -38
63 153 236 -38
START X = 64
64 38 -46 -19
64 38 210 -19
64 113 20 -56
64 113 276 -56
64 131 -16 45
64 131 240 45
START X = 65
65 22 -14 19
65 22 242 19
65 23 148 19
65 169 18 0
65 169 274 0
START X = 66
START X = 67
67 96 32 62
67 96 288 62
67 191 188 0
START X = 68
START X = 69
69 108 168 -4
START X = 70
70 18 36 151
70 18 292 151
70 79 18 26
70 79 274 26
70 93 34 -4
70 93 290 -4
70 117 10 8
70 117 266 8
70 177 178 15
START X = 71
71 8 56 -4
71 8 312 -4
71 12 -4 4
71 12 252 4
71 27 16 8
71 27 272 8
71 36 182 24
71 86 158 23
71 139 -4 -4
71 139 252 -4
START X = 72
72 56 154 0
START X = 73
START X = 74
74 38 70 -15
74 51 40 -28
74 51 296 -28
74 72 -60 34
74 72 196 34
74 81 20 -2
74 81 276 -2
74 82 -30 15
74 82 226 15
74 126 -26 39
74 126 230 39
74 169 160 15
START X = 75
75 19 40 177
75 19 296 177
75 34 4 11
75 34 260 11
75 41 48 0
75 41 304 0
75 81 -48 -13
75 81 208 -13
75 98 -66 -60
75 98 190 -60
75 109 54 75
75 109 310 75
75 127 24 4
75 127 280 4
START X = 76
76 48 -28 -15
76 48 228 -15
76 146 12 45
76 146 268 45
START X = 77
77 8 -64 -4
77 8 192 -4
77 66 30 28
77 66 286 28
77 78 24 37
77 78 280 37
77 129 -60 -24
77 129 196 -24
START X = 78
78 146 2 8
78 146 258 8
START X = 79
79 33 26 22
79 33 282 22
79 42 8 2
79 42 264 2
79 78 30 11
79 78 286 11
79 86 30 -26
79 86 286 -26
79 108 38 -8
79 108 294 -8
79 109 -66 -45
79 109 190 -45
79 187 -68 -4
79 187 188 -4
START X = 80
80 8 58 4
80 8 314 4
80 67 136 11
80 68 30 34
80 68 286 34
80 93 36 -75
80 93 292 -75
80 127 6 26
80 127 262 26
80 131 -44 8
80 131 212 8
80 138 26 56
80 138 282 56
START X = 81
81 27 22 0
81 27 278 0
81 139 22 30
81 139 278 30
81 143 -70 43
81 143 186 43
START X = 82
82 117 -24 -37
82 117 232 -37
START X = 83
83 41 -30 8
83 41 226 8
83 82 -14 43
83 82 242 43
83 187 160 4
START X = 84
84 53 -44 -32
84 53 212 -32
84 67 -10 -13
84 67 246 -13
84 117 54 68
84 117 310 68
84 146 -36 -22
84 146 220 -22
START X = 85
85 8 -76 177
85 8 180 177
85 24 52 13
85 24 308 13
85 67 -60 -49
85 67 196 -49
85 68 -24 -49
85 68 232 -49
85 87 54 53
85 87 310 53
85 111 8 32
85 111 264 32
85 177 -60 4
85 177 196 4
85 187 22 -185
85 187 278 -185
START X = 86
86 175 66 -164
START X = 87
START X = 88
88 93 44 71
88 93 300 71
88 130 74 -28
START X = 89
89 34 58 9
89 131 -20 -52
89 131 236 -52
89 161 -62 38
89 161 194 38
START X = 90
90 36 -48 -32
90 36 208 -32
90 49 -24 11
90 49 232 11
90 71 -64 -71
90 71 192 -71
90 78 -20 -8
90 78 236 -8
90 125 26 -51
90 125 282 -51
90 158 158 2
90 162 76 -132
START X = 91
91 23 -10 4
91 23 246 4
91 27 26 0
91 27 282 0
91 34 50 7
91 34 306 7
91 42 -26 -30
91 42 230 -30
START X = 92
92 64 4 24
92 64 260 24
92 93 -52 41
92 93 204 41
START X = 93
93 123 24 60
93 123 280 60
START X = 94
94 4 -40 -4
94 4 216 -4
94 38 -56 32
94 38 200 32
94 68 -60 -19
94 68 196 -19
94 78 -48 75
94 78 208 75
94 101 64 30
94 109 56 -53
94 124 -54 41
94 124 202 41
START X = 95
95 36 -26 24
95 36 230 24
95 82 -60 -41
95 82 196 -41
95 83 -26 -79
95 83 230 -79
95 98 8 -56
95 98 264 -56
95 108 18 22
95 108 274 22
95 143 82 -26
95 155 64 -6
95 177 -36 4
95 177 220 4
START X = 96
START X = 97
97 35 36 43
97 35 292 43
97 63 -2 -19
97 63 254 -19
97 84 64 43
97 191 -52 -136
97 191 204 -136
START X = 98
98 52 44 30
98 52 300 30
START X = 99
99 37 4 32
99 37 260 32
99 63 -76 0
99 63 180 0
99 71 16 34
99 71 272 34
START X = 100
100 42 -80 30
100 42 176 30
100 48 80 26
100 64 -70 22
100 64 186 22
100 69 -14 -13
100 69 242 -13
100 79 -90 45
100 79 166 45
100 101 20 38
100 101 276 38
START X = 101
101 87 40 4
101 87 296 4
101 139 -86 60
101 139 170 60
START X = 102
START X = 103
103 26 -96 8
103 26 160 8
103 63 82 22
103 108 -74 -17
103 108 182 -17
103 191 94 -151
START X = 104
104 6 146 -6
104 49 -46 15
104 49 210 15
104 71 -6 8
104 71 250 8
104 113 94 47
104 138 -80 -8
104 138 176 -8
104 177 -102 -166
104 177 154 -166
START X = 105
105 35 78 11
105 42 14 -37
105 42 270 -37
105 80 58 45
START X = 106
106 15 18 0
106 15 274 0
106 78 -84 -45
106 78 172 -45
106 86 -46 83
106 86 210 83
106 162 78 32
START X = 107
107 6 -64 168
107 6 192 168
107 63 12 0
107 63 268 0
107 94 -82 -23
107 94 174 -23
107 102 -70 94
107 102 186 94
107 109 102 15
107 117 -22 53
107 117 234 53
107 139 46 -30
START X = 108
108 78 50 -23
108 138 -20 37
108 138 236 37
108 154 20 -21
108 154 276 -21
START X = 109
109 7 62 183
109 102 64 -54
109 109 48 37
START X = 110
110 15 -30 2
110 15 226 2
110 49 30 11
110 49 286 11
110 64 38 52
110 71 -74 45
110 71 182 45
110 93 30 -30
110 93 286 -30
110 109 -74 -4
110 109 182 -4
110 124 40 -38
START X = 111
START X = 112
112 79 -98 0
112 79 158 0
START X = 113
113 5 86 183
113 41 60 4
113 63 -10 22
113 63 246 22
113 86 18 49
113 86 274 49
113 116 -6 -15
113 116 250 -15
113 161 24 -30
113 161 280 -30
START X = 114
114 42 -36 -37
114 42 220 -37
114 87 -80 75
114 87 176 75
114 146 26 17
114 146 282 17
START X = 115
115 81 4 -21
115 81 260 -21
115 94 -50 -60
115 94 206 -60
115 117 26 75
115 117 282 75
START X = 116
116 55 -88 13
116 55 168 13
116 168 -2 -8
116 168 254 -8
START X = 117
117 6 92 153
117 64 -24 60
117 64 232 60
117 158 60 19
START X = 118
118 56 2 0
118 56 258 0
118 168 -32 -4
118 168 224 -4
START X = 119
119 64 -82 54
119 64 174 54
119 102 28 38
119 123 -20 -38
119 123 236 -38
119 169 72 -8
START X = 120
120 13 14 -6
120 13 270 -6
120 34 -6 -30
120 34 250 -30
120 48 78 30
120 56 -76 -37
120 56 180 -37
120 82 40 0
120 86 110 30
120 95 8 -43
120 95 264 -43
120 123 80 -53
120 142 40 -30
120 154 -26 37
120 154 230 37
START X = 121
121 72 46 45
START X = 122
122 169 112 -144
START X = 123
123 26 8 23
123 26 264 23
123 78 -100 -45
123 78 156 -45
123 112 -76 -77
123 112 180 -77
123 169 -82 30
123 169 174 30
START X = 124
124 4 100 -4
124 38 24 0
124 49 40 -15
124 56 64 4
124 66 60 -51
124 93 0 67
124 93 256 67
START X = 125
125 64 -42 45
125 64 214 45
125 71 -8 -60
125 71 248 -60
125 157 -82 -134
125 157 174 -134
125 169 -40 7
125 169 216 7
125 173 6 -4
125 173 262 -4
START X = 126
START X = 127
127 71 6 8
127 71 262 8
START X = 128
128 93 -56 -30
128 93 200 -30
128 117 -42 53
128 117 214 53
128 131 -42 -9
128 131 214 -9
START X = 129
129 72 -4 8
129 72 252 8
129 83 -42 -28
129 83 214 -28
129 139 24 -2
START X = 130
130 17 -32 0
130 17 224 0
130 18 -40 -8
130 18 216 -8
130 34 10 -8
130 34 266 -8
130 78 96 0
130 138 76 -2
130 171 16 9
START X = 131
131 79 -44 37
131 79 212 37
131 94 94 15
131 162 110 23
131 169 -10 -4
131 169 246 -4
START X = 132
132 109 118 43
132 123 -72 67
132 123 184 67
START X = 133
133 7 -76 177
133 7 180 177
133 11 -30 -9
133 11 226 -9
133 34 68 26
133 71 10 -15
133 71 266 -15
133 127 -56 -30
133 127 200 -30
133 139 32 -30
START X = 134
134 42 -20 -7
134 42 236 -7
134 109 80 0
134 113 6 -62
134 113 262 -62
START X = 135
135 72 -50 51
135 72 206 51
135 158 94 -11
135 173 -96 -155
135 173 160 -155
135 183 -8 0
135 183 248 0
START X = 136
136 13 0 -4
136 13 256 -4
136 84 -10 -9
136 84 246 -9
136 93 -18 -75
136 93 238 -75
136 101 -26 23
136 101 230 23
START X = 137
137 4 92 162
137 12 -32 8
137 12 224 8
137 161 -26 30
137 161 230 30
137 191 74 8
START X = 138
138 101 -42 38
138 101 214 38
START X = 139
139 109 24 -4
139 131 46 -52
139 153 -104 0
139 153 152 0
139 191 82 -188
START X = 140
140 4 8 0
140 8 112 185
140 22 36 -4
140 42 52 -22
140 117 -60 6
140 117 196 6
START X = 141
141 23 60 4
141 169 42 15
START X = 142
142 79 -18 30
142 79 238 30
START X = 143
143 18 104 147
143 39 38 32
143 109 -12 -38
143 109 244 -38
143 161 4 34
START X = 144
144 3 -6 188
144 3 250 188
144 38 26 -17
144 49 88 45
144 71 10 49
144 79 44 7
144 87 34 -82
144 95 12 32
144 125 -10 -2
144 125 246 -2
START X = 145
145 42 -20 -30
145 42 236 -30
START X = 146
146 67 62 -4
146 109 72 41
START X = 147
147 38 -8 26
147 38 248 26
147 109 -50 7
147 109 206 7
147 116 -46 -7
147 116 210 -7
147 173 -48 15
147 173 208 15
147 183 106 -8
START X = 148
148 13 -4 0
148 117 -26 0
148 117 230 0
START X = 149
149 35 60 11
149 63 40 -45
149 67 -74 49
149 67 182 49
149 80 56 -51
149 108 36 30
149 116 40 30
START X = 150
150 15 14 -6
150 42 -70 144
150 42 186 144
150 56 6 38
150 117 -60 4
150 117 196 4
START X = 151
151 4 -36 188
151 4 220 188
151 87 -40 -15
151 87 216 -15
151 96 64 62
151 139 -74 0
151 139 182 0
151 147 -14 -26
151 147 242 -26
151 162 0 -15
START X = 152
START X = 153
153 7 -60 0
153 7 196 0
153 112 20 86
153 153 -50 -30
153 153 206 -30
153 187 -36 -177
153 187 220 -177
START X = 154
154 26 -26 -26
154 26 230 -26
154 68 -54 60
154 68 202 60
154 72 -60 19
154 72 196 19
154 78 24 -64
154 79 74 75
154 101 -26 -45
154 101 230 -45
START X = 155
155 36 -40 2
155 36 216 2
155 96 -30 -2
155 96 226 -2
155 131 -28 0
155 131 228 0
START X = 156
START X = 157
157 64 16 0
157 81 46 69
157 123 62 52
START X = 158
158 4 24 181
158 168 8 -8
START X = 159
159 3 -30 0
159 3 226 0
159 108 -104 -53
159 108 152 -53
159 123 -56 13
159 123 200 13
START X = 160
160 17 40 2
160 57 10 19
160 109 20 -4
160 123 0 -23
160 138 0 45
160 142 82 4
START X = 161
161 4 22 143
161 139 -90 30
161 139 166 30
START X = 162
START X = 163
163 86 86 45
163 127 -146 -64
163 127 110 -64
163 161 -110 0
163 161 146 0
START X = 164
164 34 -162 158
164 34 94 158
164 78 -34 -23
164 78 222 -23
164 162 -82 2
164 162 174 2
START X = 165
165 18 -22 -15
165 18 234 -15
165 102 70 -45
165 177 30 15
START X = 166
166 21 -4 6
166 64 -166 15
166 64 90 15
START X = 167
START X = 168
168 55 38 17
168 72 10 4
168 144 52 -32
START X = 169
169 41 6 4
169 115 -22 -56
169 158 58 41
START X = 170
170 13 -36 -2
170 13 220 -2
170 38 -104 -19
170 38 152 -19
170 72 66 15
START X = 171
171 154 -40 -4
171 154 216 -4
START X = 172
START X = 173
173 80 -168 -75
173 80 88 -75
START X = 174
174 38 -56 34
174 38 200 34
174 42 46 -11
174 49 -56 0
174 49 200 0
174 52 0 -26
174 72 14 8
174 101 -172 -69
174 101 84 -69
174 113 -50 47
174 113 206 47
START X = 175
175 22 -28 11
175 94 -40 30
175 94 216 30
175 127 -50 41
175 127 206 41
175 173 50 -4
175 183 16 0
START X = 176
176 5 -94 179
176 5 162 179
176 63 -174 -34
176 63 82 -34
176 71 -108 -15
176 71 148 -15
176 79 -150 15
176 79 106 15
176 87 76 -45
176 138 38 54
176 146 -54 49
176 146 202 49
START X = 177
177 23 -68 -11
177 23 188 -11
177 129 -24 -32
177 183 -176 -153
177 183 80 -153
START X = 178
178 63 -134 -6
178 63 122 -6
178 79 24 75
178 123 -18 -47
178 138 -14 52
START X = 179
179 38 -8 4
179 102 -8 38
179 116 -88 -15
179 116 168 -15
START X = 180
180 18 2 13
180 56 2 -15
180 72 -44 -45
180 72 212 -45
180 154 36 0
START X = 181
181 12 6 0
181 33 22 158
181 34 -156 143
181 34 100 143
181 81 -106 -36
181 81 150 -36
181 109 -24 0
181 139 50 -19
START X = 182
182 78 -42 15
182 78 214 15
182 123 -2 52
START X = 183
183 78 -10 41
183 123 0 -38
183 157 -30 0
183 187 -148 -155
183 187 108 -155
START X = 184
184 19 -26 2
184 42 -52 -22
184 42 204 -22
184 56 64 -43
184 57 -146 49
184 57 110 49
184 72 -64 68
184 72 192 68
184 86 -70 -60
184 86 186 -60
184 87 0 38
184 95 -36 9
184 127 -30 71
START X = 185
185 11 -68 4
185 11 188 4
185 19 -36 15
185 36 20 -32
185 81 4 54
185 102 -30 -52
185 147 44 -30
START X = 186
186 156 -88 -138
186 156 168 -138
186 160 -44 -2
186 160 212 -2
START X = 187
187 11 38 0
187 41 58 -30
187 63 64 41
187 78 6 37
START X = 188
188 53 30 41
START X = 189
189 33 16 11
189 41 10 15
189 64 26 45
189 109 -16 75
189 112 32 -19
189 116 20 -37
START X = 190
190 18 36 15
190 56 -182 8
190 56 74 8
190 63 -160 15
190 63 96 15
190 113 -60 34
190 113 196 34
190 117 -166 0
190 117 90 0
190 131 -16 -39
190 138 -48 15
190 138 208 15
START X = 191
191 63 38 -53
191 72 -10 53
191 98 -50 56
191 98 206 56
191 154 -180 -15
191 154 76 -15
START X = 192
START X = 193
193 11 -30 8
193 41 -66 4
193 41 190 4
193 109 -188 22
193 109 68 22
193 189 16 -2
START X = 194
194 154 -36 41
START X = 195
195 27 -14 6
195 65 -24 28
195 72 -80 6
195 72 176 6
195 173 -6 19
START X = 196
196 101 10 -69
196 123 -70 73
196 123 186 73
196 131 -50 -45
196 174 -174 -168
196 174 82 -168
START X = 197
197 69 -24 -54
197 94 -64 -8
197 94 192 -8
START X = 198
198 64 -164 60
198 64 92 60
198 93 -26 7
198 115 24 -41
198 123 -56 56
198 123 200 56
198 170 -100 -149
198 170 156 -149
START X = 199
199 26 -66 159
199 26 190 159
199 94 -188 -83
199 94 68 -83
199 108 -34 22
START X = 200
200 12 -10 151
200 93 -10 -53
START X = 201
201 6 -40 2
201 42 -166 8
201 42 90 8
201 102 -100 -7
201 102 156 -7
201 139 -16 30
201 143 54 4
201 153 18 -38
START X = 202
202 64 8 56
START X = 203
203 7 -76 -4
203 7 180 -4
203 82 44 75
203 86 -174 -30
203 86 82 -30
203 87 46 -7
203 191 -18 -151
START X = 204
204 4 -156 181
204 4 100 181
204 38 40 0
204 49 36 -15
204 52 -16 -30
204 78 -32 -19
204 101 -6 -37
204 113 -26 -4
204 131 26 -15
START X = 205
205 87 -70 45
205 87 186 45
205 153 46 -34
205 158 10 15
205 161 -14 -30
START X = 206
206 19 -50 6
206 79 -114 7
206 79 142 7
START X = 207
207 21 -180 -2
207 21 76 -2
207 25 -188 13
207 25 68 13
207 39 -6 -2
START X = 208
208 79 -36 26
208 138 10 -36
START X = 209
209 4 -164 181
209 4 92 181
209 11 10 8
209 18 -190 7
209 18 66 7
209 37 -186 30
209 37 70 30
209 117 24 8
START X = 210
210 4 36 -4
210 56 -178 -37
210 56 78 -37
210 67 30 -4
210 71 -38 19
210 78 -4 -15
210 82 6 15
210 87 -24 30
210 109 36 -53
START X = 211
211 42 -192 -39
211 42 64 -39
211 64 -30 26
211 94 -56 56
211 162 -14 19
START X = 212
START X = 213
213 37 40 30
213 109 -32 -4
213 123 -26 -38
213 161 4 8
213 183 -196 -8
213 183 60 -8
START X = 214
214 42 -26 0
214 57 -6 0
214 72 24 -7
214 82 -180 -11
214 82 76 -11
214 86 -150 -60
214 86 106 -60
214 162 -182 0
214 162 74 0
START X = 215
215 87 -50 -22
215 111 10 9
215 156 -188 9
215 156 68 9
START X = 216
216 17 6 -4
216 18 -180 0
216 18 76 0
216 21 -4 0
START X = 217
217 4 4 0
217 12 -10 8
217 34 -16 0
217 110 -178 47
217 110 78 47
START X = 218
218 18 -202 7
218 18 54 7
218 52 -16 34
218 101 4 -75
START X = 219
219 11 -180 -9
219 11 76 -9
219 12 -72 159
219 41 -164 -22
219 41 92 -22
219 64 -182 26
219 64 74 26
START X = 220
220 17 -196 -4
220 17 60 -4
220 48 -18 22
220 79 -202 75
220 79 54 75
220 172 12 26
START X = 221
221 78 6 -36
221 83 -216 -30
221 83 40 -30
START X = 222
222 93 -220 0
222 93 36 0
START X = 223
223 11 -70 8
223 127 -168 -26
223 127 88 -26
223 131 -182 47
223 131 74 47
START X = 224
224 53 12 4
224 71 -70 45
224 97 4 71
224 109 -212 22
224 109 44 22
224 113 -100 4
224 113 156 4
224 154 -10 41
START X = 225
225 6 -50 -6
225 34 -16 -30
225 72 -10 -9
225 87 -32 -7
225 98 -206 -41
225 98 50 -41
225 102 -146 83
225 102 110 83
225 147 -180 0
225 147 76 0
START X = 226
226 64 12 -23
226 79 -74 75
START X = 227
227 7 -216 192
227 7 40 192
227 68 -166 34
227 68 90 34
227 78 -208 -49
227 78 48 -49
227 159 -168 -24
227 159 88 -24
START X = 228
228 87 -168 75
228 87 88 75
228 127 -168 34
228 127 88 34
228 144 -174 21
228 144 82 21
START X = 229
229 78 -214 75
229 78 42 75
229 86 -14 -45
START X = 230
230 8 -68 0
230 57 -24 -7
230 78 -30 56
230 87 6 79
230 93 -86 43
230 109 4 22
230 123 -52 60
START X = 231
231 33 -12 -4
231 143 -206 -34
231 143 50 -34
START X = 232
START X = 233
233 26 -50 15
233 82 -76 71
START X = 234
234 13 -30 0
234 38 -36 -19
234 42 20 -7
234 79 -76 -6
234 97 -202 -41
234 97 54 -41
234 176 10 0
START X = 235
235 12 -80 159
235 33 -94 162
235 33 162 162
235 38 10 -30
235 64 -20 -53
235 79 -216 -8
235 79 40 -8
235 117 4 19
235 143 -222 -4
235 143 34 -4
235 155 -200 -36
235 155 56 -36
235 158 -50 4
START X = 236
236 53 -34 11
236 131 -10 -7
START X = 237
START X = 238
238 13 4 -8
238 18 2 151
238 72 -232 4
238 72 24 4
238 79 -182 37
238 79 74 37
238 131 -112 45
238 131 144 45
START X = 239
239 127 0 4
239 131 -70 -30
START X = 240
240 17 -6 4
240 64 -74 -47
240 71 -190 -26
240 71 66 -26
240 72 0 15
240 101 -226 15
240 101 30 15
240 113 -96 60
240 123 -226 30
240 123 30 30
START X = 241
241 34 -230 -2
241 34 26 -2
241 139 -4 -8
241 162 0 15
START X = 242
242 18 -178 -4
242 18 78 -4
START X = 243
243 41 -162 144
243 41 94 144
243 161 -150 -22
243 161 106 -22
START X = 244
244 4 10 -4
244 18 -232 0
244 18 24 0
244 52 -216 34
244 52 40 34
244 72 -26 -15
244 117 -210 45
244 117 46 45
244 123 -230 30
244 123 26 30
244 140 -236 13
244 140 20 13
244 168 -170 -8
244 168 86 -8
START X = 245
245 87 -68 23
245 102 -190 8
245 102 66 8
245 143 -14 41
START X = 246
246 21 -20 0
246 78 -12 -64
246 79 -74 37
START X = 247
247 80 -236 -6
247 80 20 -6
START X = 248
248 12 -6 4
248 87 -238 34
248 87 18 34
START X = 249
249 82 -224 -49
249 82 32 -49
249 123 -20 -34
START X = 250
250 21 -30 0
250 48 -34 22
250 49 -10 45
250 53 -246 15
250 53 10 15
250 87 -200 23
250 87 56 23
START X = 251
251 4 -224 0
251 4 32 0
251 66 -218 -21
251 66 38 -21
251 113 -250 -49
251 113 6 -49
251 117 -236 15
251 117 20 15
251 147 -206 -30
251 147 50 -30
251 154 -54 -4
START X = 252
START X = 253
253 11 -80 0
START X = 254
254 26 -46 4
254 34 -56 22
254 83 -212 45
254 83 44 45
254 86 -64 23
254 142 -100 2
254 154 -16 -4
START X = 255
255 37 -60 34
START X = 256
256 67 -204 -19
256 67 52 -19
START X = 257
257 102 -246 -41
257 102 10 -41
START X = 258
258 64 -248 -45
258 64 8 -45
258 174 -42 -168
START X = 259
259 72 -62 34
259 86 -54 -71
259 94 -36 -68
START X = 260
260 87 -260 49
260 87 -4 49
260 123 -14 -15
260 138 -196 0
260 138 60 0
START X = 261
261 94 -216 82
261 94 40 82
261 109 -180 -53
261 109 76 -53
261 117 -176 32
261 117 80 32
261 143 -186 4
261 143 70 4
START X = 262
262 21 -176 2
262 21 80 2
262 64 -240 -23
262 64 16 -23
START X = 263
263 64 -244 -15
263 64 12 -15
263 78 -88 45
263 157 -10 30
START X = 264
264 18 -56 0
264 21 -12 0
264 42 -44 38
264 79 -86 71
264 82 -32 19
START X = 265
265 38 -60 -4
265 131 -190 -54
265 131 66 -54
START X = 266
START X = 267
267 4 -64 188
267 12 -260 8
267 12 -4 8
267 64 -234 52
267 64 22 52
267 72 -244 8
267 72 12 8
267 123 -42 -6
START X = 268
268 71 -36 -52
268 109 -46 41
268 162 -192 8
268 162 64 8
START X = 269
269 4 -22 158
269 41 -260 0
269 41 -4 0
269 64 -172 60
269 64 84 60
269 100 -262 66
269 100 -6 66
269 117 -242 8
269 117 14 8
269 123 -196 -38
269 123 60 -38
269 161 -214 6
269 161 42 6
START X = 270
270 12 -70 151
270 21 -232 4
270 21 24 4
270 49 -162 -19
270 49 94 -19
270 63 -210 37
270 63 46 37
270 71 -230 15
270 71 26 15
270 78 -30 7
START X = 271
271 162 -226 4
271 162 30 4
START X = 272
START X = 273
273 11 -172 0
273 11 84 0
273 33 -110 0
273 109 -182 7
273 109 74 7
273 131 -36 6
START X = 274
274 48 -52 -2
274 49 -230 -30
274 49 26 -30
274 63 -176 7
274 63 80 7
274 66 -162 24
274 66 94 24
274 117 -160 30
274 117 96 30
274 176 -80 -151
START X = 275
275 7 -22 4
START X = 276
START X = 277
277 64 -40 0
START X = 278
278 12 -268 159
278 12 -12 159
278 71 -248 -15
278 71 8 -15
START X = 279
279 38 -248 -34
279 38 8 -34
279 153 -246 22
279 153 10 22
START X = 280
280 49 -164 145
280 49 92 145
280 109 -204 30
280 109 52 30
280 113 -252 49
280 113 4 49
START X = 281
281 34 -236 143
281 34 20 143
281 94 -246 30
281 94 10 30
START X = 282
282 131 -58 0
282 138 -82 -4
START X = 283
START X = 284
284 42 -260 -26
284 42 -4 -26
284 56 -262 -30
284 56 -6 -30
284 68 -276 -45
284 68 -20 -45
284 79 -192 45
284 79 64 45
284 113 -46 56
284 138 -266 0
284 138 -10 0
START X = 285
START X = 286
286 13 -200 0
286 13 56 0
286 82 -244 -49
286 82 12 -49
START X = 287
287 109 -220 15
287 109 36 15
START X = 288
288 55 -282 51
288 55 -26 51
START X = 289
289 7 -176 0
289 7 80 0
289 109 -188 22
289 109 68 22
START X = 290
290 64 -36 -15
290 117 -256 4
290 117 0 4
START X = 291
291 64 -240 -38
291 64 16 -38
291 94 -270 52
291 94 -14 52
291 98 -90 -4
291 117 -196 -30
291 117 60 -30
START X = 292
292 26 -188 151
292 26 68 151
START X = 293
START X = 294
294 12 -198 4
294 12 58 4
294 22 -182 140
294 22 74 140
294 42 -292 -11
294 42 -36 -11
294 82 -272 19
294 82 -16 19
294 131 -218 -43
294 131 38 -43
START X = 295
295 36 -40 -6
295 94 -292 -60
295 94 -36 -60
295 117 -40 51
295 127 -270 -30
295 127 -14 -30
295 158 -172 4
295 158 84 4
START X = 296
296 71 -256 15
296 71 0 15
START X = 297
297 11 -192 -7
297 11 64 -7
297 125 -282 -32
297 125 -26 -32
START X = 298
298 71 -144 19
START X = 299
299 159 -182 2
299 159 74 2
START X = 300
300 26 -166 -26
300 26 90 -26
300 49 -300 -23
300 49 -44 -23
300 78 -286 11
300 78 -30 11
300 79 -230 -30
300 79 26 -30
300 83 -292 0
300 83 -36 0
START X = 301
START X = 302
302 138 -64 54
START X = 303
303 129 -156 13
303 153 -66 26
303 157 -80 34
START X = 304
304 49 -188 -23
304 49 68 -23
304 66 -246 9
304 66 10 9
304 71 -162 -52
304 71 94 -52
304 117 -142 53
START X = 305
305 4 -182 181
305 4 74 181
305 11 -166 4
305 11 90 4
305 38 -246 34
305 38 10 34
305 64 -236 -8
305 64 20 -8
305 117 -302 2
305 117 -46 2
START X = 306
306 12 -202 8
306 12 54 8
START X = 307
START X = 308
308 12 -306 8
308 12 -50 8
308 123 -152 52
START X = 309
309 153 -272 -4
309 153 -16 -4
START X = 310
310 4 -296 0
310 4 -40 0
310 20 -272 -6
310 20 -16 -6
310 56 -256 32
310 56 0 32
310 80 -306 9
310 80 -50 9
310 81 -264 2
310 81 -8 2
310 113 -210 4
310 113 46 4
START X = 311
311 162 -210 4
311 162 46 4
START X = 312
312 123 -262 37
312 123 -6 37
START X = 313
313 37 -180 -4
313 37 76 -4
START X = 314
314 6 -302 153
314 6 -46 153
314 22 -272 4
314 22 -16 4
314 26 -282 8
314 26 -26 8
314 63 -262 41
314 63 -6 41
314 72 -222 15
314 72 34 15
314 109 -292 -4
314 109 -36 -4
START X = 315
315 66 -300 -51
315 66 -44 -51
START X = 316
316 42 -140 38
316 68 -256 34
316 68 0 34
START X = 317
317 102 -308 -7
317 102 -52 -7
START X = 318
318 34 -244 30
318 34 12 30
318 71 -172 8
318 78 -204 7
318 78 52 7
318 87 -282 34
318 87 -26 34
START X = 319
319 94 -212 -60
319 94 44 -60
319 109 -268 15
319 109 -12 15
319 161 -240 0
319 161 16 0
START X = 320
320 26 -250 8
320 26 6 8
320 78 -176 -53
320 86 -214 23
320 86 42 23
START X = 321
321 42 -276 4
321 42 -20 4
321 94 -286 -8
321 94 -30 -8
321 154 -176 11
START X = 322
322 79 -260 75
322 79 -4 75
START X = 323
323 4 -246 0
323 4 10 0
323 109 -234 -53
323 109 22 -53
323 127 -230 -2
323 127 26 -2
323 161 -280 38
323 161 -24 38
START X = 324
324 6 -294 2
324 6 -38 2
324 53 -230 0
324 53 26 0
324 67 -232 -15
324 67 24 -15
324 72 -236 8
324 72 20 8
324 81 -256 39
324 81 0 39
324 86 -258 -41
324 86 -2 -41
324 111 -266 24
324 111 -10 24
324 127 -240 -4
324 127 16 -4
324 146 -272 0
324 146 -16 0
START X = 325
325 38 -258 0
325 38 -2 0
325 72 -220 -45
325 72 36 -45
325 102 -286 68
325 102 -30 68
325 117 -302 8
325 117 -46 8
START X = 326
START X = 327
START X = 328
328 18 -178 0
START X = 329
329 131 -272 8
329 131 -16 8
329 161 -306 30
329 161 -50 30
START X = 330
330 56 -264 -30
330 56 -8 -30
330 63 -280 -23
330 63 -24 -23
330 68 -204 64
330 68 52 64
START X = 331
331 42 -246 8
331 42 10 8
331 117 -244 15
331 117 12 15
START X = 332
START X = 333
333 37 -186 4
333 41 -168 38
START X = 334
334 57 -252 -15
334 57 4 -15
334 64 -222 -23
334 64 34 -23
334 78 -156 -23
334 83 -204 79
334 83 52 79
334 113 -172 56
334 127 -156 -41
START X = 335
335 38 -266 -4
335 38 -10 -4
335 64 -306 -53
335 64 -50 -53
335 109 -248 -4
335 109 8 -4
START X = 336
336 113 -244 45
336 113 12 45
START X = 337
START X = 338
338 78 -250 -68
338 78 6 -68
START X = 339
339 94 -242 -19
339 94 14 -19
START X = 340
340 4 -208 181
340 4 48 181
340 56 -284 -24
340 56 -28 -24
340 57 -266 0
340 57 -10 0
340 65 -272 -17
340 65 -16 -17
340 87 -258 23
340 87 -2 23
340 123 -208 -15
340 123 48 -15
340 138 -232 52
340 138 24 52
START X = 341
341 42 -150 136
START X = 342
START X = 343
343 94 -232 -23
343 94 24 -23
START X = 344
344 67 -250 -2
344 67 6 -2
344 113 -262 -4
344 113 -6 -4
START X = 345
345 131 -210 -24
345 131 46 -24
START X = 346
START X = 347
347 131 -232 0
347 131 24 0
START X = 348
START X = 349
349 123 -274 -2
349 123 -18 -2
START X = 350
350 22 -166 -4
350 49 -206 15
350 64 -274 54
350 64 -18 54
350 71 -166 -60
350 78 -246 -64
350 78 10 -64
350 82 -250 60
350 82 6 60
350 109 -146 -49
START X = 351
351 41 -214 38
351 41 42 38
351 94 -200 -2
351 98 -240 4
351 98 16 4
351 111 -250 13
351 111 6 13
START X = 352
START X = 353
START X = 354
354 67 -230 41
354 67 26 41
354 82 -218 4
354 82 38 4
354 117 -156 -45
START X = 355
355 33 -256 -8
355 33 0 -8
355 36 -266 -6
355 36 -10 -6
START X = 356
356 67 -230 -11
356 67 26 -11
356 138 -184 15
START X = 357
357 41 -162 34
START X = 358
START X = 359
359 41 -170 34
359 109 -238 0
359 109 18 0
START X = 360
360 86 -218 23
360 86 38 23
START X = 361
361 96 -262 -21
361 96 -6 -21
START X = 362
START X = 363
363 37 -232 0
363 37 24 0
363 109 -252 9
363 109 4 9
START X = 364
364 146 -232 19
364 146 24 19
START X = 365
365 98 -266 -13
365 98 -10 -13
365 127 -154 41
START X = 366
366 80 -240 17
366 80 16 17
START X = 367
367 109 -206 15
367 129 -242 -2
367 129 14 -2
START X = 368
368 84 -238 58
368 84 18 58
START X = 369
369 117 -202 -45
START X = 370
370 109 -170 37
370 146 -198 0
START X = 371
371 34 -182 0
371 102 -154 30
371 117 -196 8
START X = 372
START X = 373
START X = 374
374 146 -256 8
374 146 0 8
START X = 375
375 102 -150 90
375 125 -222 -6
START X = 376
START X = 377
377 35 -254 -2
377 35 2 -2
377 98 -234 -11
377 98 22 -11
START X = 378
START X = 379
379 37 -270 -4
379 37 -14 -4
START X = 380
START X = 381
START X = 382
START X = 383
383 131 -186 -30
START X = 384
START X = 385
START X = 386
START X = 387
START X = 388
START X = 389
START X = 390
START X = 391
391 109 -236 11
START X = 392
START X = 393
393 33 -170 22
START X = 394
START X = 395
START X = 396
START X = 397
START X = 398
START X = 399
